4/2/20 23:25,34.223,-82.462,6,0,0,0
4/2/20 23:25,30.295,-92.414,61,1,0,0
4/2/20 23:25,37.767,-75.632,10,0,0,0
4/2/20 23:25,43.453,-116.242,312,3,0,0
4/2/20 23:25,41.331,-94.471,1,0,0,0
4/2/20 23:25,40.191,-92.601,6,0,0,0
4/2/20 23:25,35.885,-94.659,9,0,0,0
4/2/20 23:25,39.874,-104.336,212,2,0,0
4/2/20 23:25,44.893,-116.455,1,0,0,0
4/2/20 23:25,39.988,-91.188,2,0,0,0
4/2/20 23:25,40.746,-84.937,1,0,0,0
4/2/20 23:25,31.477,-91.353,14,0,0,0
4/2/20 23:25,40.524,-98.501,6,0,0,0
4/2/20 23:25,39.871,-77.216,18,0,0,0
4/2/20 23:25,46.983,-118.56,20,0,0,0
4/2/20 23:25,43.97,-89.768,1,0,0,0
4/2/20 23:25,44.032,-73.141,26,0,0,0
4/2/20 23:25,33.543,-81.636,22,1,0,0
4/2/20 23:25,29.679,-82.359,95,0,0,0
4/2/20 23:25,36.043,-79.4,13,0,0,0
4/2/20 23:25,37.646,-121.893,359,8,0,0
4/2/20 23:25,37.573,-105.789,4,0,0,0
4/2/20 23:25,42.601,-73.977,253,2,0,0
4/2/20 23:25,41.655,-105.724,3,0,0,0
4/2/20 23:25,38.021,-78.555,23,0,0,0
4/2/20 23:25,34.881,-88.58,3,0,0,0
4/2/20 23:25,35.922,-81.178,2,0,0,0
4/2/20 23:25,38.814,-77.082,33,0,0,0
4/2/20 23:25,43.284,-91.379,15,1,0,0
4/2/20 23:25,42.591,-85.891,5,0,0,0
4/2/20 23:25,39.624,-78.693,1,0,0,0
4/2/20 23:25,42.257,-78.028,12,1,0,0
4/2/20 23:25,36.494,-81.129,2,0,0,0
4/2/20 23:25,37.786,-80.002,2,0,0,0
4/2/20 23:25,40.468,-79.982,419,2,0,0
4/2/20 23:25,41.092,-85.068,46,2,0,0
4/2/20 23:25,36.752,-86.195,2,0,0,0
4/2/20 23:25,30.654,-92.824,26,3,0,0
4/2/20 23:25,40.773,-84.108,10,0,0,0
4/2/20 23:25,32.988,-81.353,1,0,0,0
4/2/20 23:25,38.597,-119.822,1,0,0,0
4/2/20 23:25,38.446,-120.657,3,0,0,0
4/2/20 23:25,37.341,-77.986,4,0,0,0
4/2/20 23:25,37.603,-79.145,6,0,0,0
4/2/20 23:25,31.175,-90.805,4,1,0,0
4/2/20 23:25,61.15,-149.143,67,1,0,0
4/2/20 23:25,38.214,-95.293,1,0,0,0
4/2/20 23:25,38.007,-84.992,2,1,0,0
4/2/20 23:25,34.518,-82.64,57,3,0,0
4/2/20 23:25,36.127,-84.2,10,0,0,0
4/2/20 23:25,31.815,-95.654,1,0,0,0
4/2/20 23:25,32.305,-102.638,0,0,0,0
4/2/20 23:25,44.166,-70.204,12,0,0,0
4/2/20 23:25,31.255,-94.609,5,0,0,0
4/2/20 23:25,39.007,-76.603,206,3,0,0
4/2/20 23:25,45.275,-93.246,30,0,0,0
4/2/20 23:25,34.974,-80.1,1,0,0,0
4/2/20 23:25,42.177,-98.067,1,0,0,0
4/2/20 23:25,44.997,-85.155,4,0,0,0
4/2/20 23:25,35.395,-109.489,35,0,0,0
4/2/20 23:25,40.743,-92.869,1,0,0,0
4/2/20 23:25,31.748,-82.289,3,0,0,0
4/2/20 23:25,28.106,-97.0,0,0,0,0
4/2/20 23:25,39.65,-104.335,381,7,0,0
4/2/20 23:25,37.195,-107.048,1,0,0,0
4/2/20 23:25,44.064,-83.893,1,0,0,0
4/2/20 23:25,34.291,-91.373,1,0,0,0
4/2/20 23:25,38.877,-77.101,128,2,0,0
4/2/20 23:25,40.817,-79.463,7,0,0,0
4/2/20 23:25,30.204,-90.913,201,7,0,0
4/2/20 23:25,40.848,-82.273,3,0,0,0
4/2/20 23:25,46.32,-90.678,1,0,0,0
4/2/20 23:25,33.192,-91.77,1,0,0,0
4/2/20 23:25,41.709,-80.748,8,0,0,0
4/2/20 23:25,29.899,-91.065,31,0,0,0
4/2/20 23:25,28.893,-98.527,2,0,0,0
4/2/20 23:25,39.532,-95.309,1,0,0,0
4/2/20 23:25,40.432,-95.43,1,0,0,0
4/2/20 23:25,39.334,-82.043,3,1,0,0
4/2/20 23:25,39.475,-74.658,50,1,0,0
4/2/20 23:25,34.374,-96.038,1,0,0,0
4/2/20 23:25,33.087,-89.578,12,0,0,0
4/2/20 23:25,41.684,-94.906,1,0,0,0
4/2/20 23:25,40.56,-84.224,3,0,0,0
4/2/20 23:25,38.164,-79.125,2,0,0,0
4/2/20 23:25,43.718,-98.561,1,0,0,0
4/2/20 23:25,29.885,-96.277,4,0,0,0
4/2/20 23:25,32.54,-86.644,12,0,0,0
4/2/20 23:25,31.078,-92.001,34,1,0,0
4/2/20 23:25,37.319,-102.56,3,0,0,0
4/2/20 23:25,31.555,-82.459,6,0,0,0
4/2/20 23:25,30.331,-82.285,11,0,0,0
4/2/20 23:25,31.327,-84.442,4,1,0,0
4/2/20 23:25,30.728,-87.722,29,1,0,0
4/2/20 23:25,33.069,-83.247,7,1,0,0
4/2/20 23:25,39.458,-76.629,353,3,0,0
4/2/20 23:25,39.302,-76.612,265,2,0,0
4/2/20 23:25,33.219,-81.057,5,0,0,0
4/2/20 23:25,34.356,-83.496,3,0,0,0
4/2/20 23:25,42.67,-112.223,4,0,0,0
4/2/20 23:25,39.131,-80.004,1,0,0,0
4/2/20 23:25,46.936,-98.066,2,0,0,0
4/2/20 23:25,41.73,-70.289,283,3,0,0
4/2/20 23:25,33.267,-81.436,2,0,0,0
4/2/20 23:25,36.965,-85.933,1,0,0,0
4/2/20 23:25,33.991,-83.714,20,2,0,0
4/2/20 23:25,42.595,-85.308,4,0,0,0
4/2/20 23:25,36.71,-93.829,1,0,0,0
4/2/20 23:25,39.207,-85.896,15,0,0,0
4/2/20 23:25,38.479,-98.756,2,0,0,0
4/2/20 23:25,34.237,-84.839,147,4,0,0
4/2/20 23:25,30.104,-97.312,10,0,0,0
4/2/20 23:25,38.253,-94.341,2,0,0,0
4/2/20 23:25,36.288,-92.338,1,0,0,0
4/2/20 23:25,30.265,-85.621,15,0,0,0
4/2/20 23:25,43.706,-83.987,16,0,0,0
4/2/20 23:25,46.529,-91.197,3,0,0,0
4/2/20 23:25,44.415,-98.279,21,1,0,0
4/2/20 23:25,35.485,-76.843,7,0,0,0
4/2/20 23:25,32.392,-80.726,130,2,0,0
4/2/20 23:25,30.648,-93.342,10,0,0,0
4/2/20 23:25,40.683,-80.349,55,2,0,0
4/2/20 23:25,35.269,-99.681,1,0,0,0
4/2/20 23:25,40.005,-78.49,3,0,0,0
4/2/20 23:25,35.511,-86.455,6,0,0,0
4/2/20 23:25,37.308,-79.528,3,0,0,0
4/2/20 23:25,43.516,-71.417,13,0,0,0
4/2/20 23:25,31.037,-97.479,51,1,0,0
4/2/20 23:25,40.016,-80.992,12,0,0,0
4/2/20 23:25,47.974,-94.937,4,0,0,0
4/2/20 23:25,31.761,-83.221,3,0,0,0
4/2/20 23:25,43.035,-73.09,17,0,0,0
4/2/20 23:25,36.336,-94.257,40,0,0,0
4/2/20 23:25,40.606,-87.311,0,0,0,0
4/2/20 23:25,42.08,-92.065,7,0,0,0
4/2/20 23:25,45.698,-93.995,1,0,0,0
4/2/20 23:25,34.817,-89.189,5,0,0,0
4/2/20 23:25,38.295,-93.288,3,0,0,0
4/2/20 23:25,44.492,-123.432,15,1,0,0
4/2/20 23:25,36.071,-88.068,4,0,0,0
4/2/20 23:25,46.239,-119.512,130,19,0,0
4/2/20 23:25,40.96,-74.072,4099,120,0,0
4/2/20 23:25,33.202,-79.947,33,0,0,0
4/2/20 23:25,39.467,-78.024,27,0,0,0
4/2/20 23:25,40.416,-75.925,168,1,0,0
4/2/20 23:25,42.374,-73.205,213,5,0,0
4/2/20 23:25,35.052,-106.67,148,4,0,0
4/2/20 23:25,31.276,-83.225,3,0,0,0
4/2/20 23:25,41.954,-86.413,40,1,0,0
4/2/20 23:25,36.069,-76.965,6,1,0,0
4/2/20 23:25,29.449,-98.52,229,9,0,0
4/2/20 23:25,32.996,-87.125,4,0,0,0
4/2/20 23:25,32.809,-83.705,24,1,0,0
4/2/20 23:25,32.346,-93.054,8,1,0,0
4/2/20 23:25,45.427,-96.414,1,0,0,0
4/2/20 23:25,43.217,-112.398,2,0,0,0
4/2/20 23:25,42.47,-92.305,8,0,0,0
4/2/20 23:25,40.474,-85.325,1,0,0,0
4/2/20 23:25,34.613,-78.562,1,0,0,0
4/2/20 23:25,43.409,-113.975,256,2,0,0
4/2/20 23:25,40.48,-78.349,4,0,0,0
4/2/20 23:25,30.266,-98.4,1,0,0,0
4/2/20 23:25,32.438,-83.33,1,0,0,0
4/2/20 23:25,35.599,-85.206,2,0,0,0
4/2/20 23:25,33.982,-86.568,9,0,0,0
4/2/20 23:25,35.689,-83.928,32,0,0,0
4/2/20 23:25,44.036,-94.067,10,0,0,0
4/2/20 23:25,33.797,-90.874,27,1,0,0
4/2/20 23:25,37.324,-90.027,1,0,0,0
4/2/20 23:25,42.989,-97.886,1,0,0,0
4/2/20 23:25,38.888,-89.435,3,0,0,0
4/2/20 23:25,48.3,-116.602,1,0,0,0
4/2/20 23:25,43.387,-111.616,2,0,0,0
4/2/20 23:25,36.308,-93.094,1,0,0,0
4/2/20 23:25,40.051,-86.468,32,0,0,0
4/2/20 23:25,42.037,-93.931,2,0,0,0
4/2/20 23:25,38.971,-84.726,8,0,0,0
4/2/20 23:25,38.992,-92.307,69,1,0,0
4/2/20 23:25,32.679,-93.605,87,2,0,0
4/2/20 23:25,37.555,-79.81,8,0,0,0
4/2/20 23:25,40.093,-105.355,114,2,0,0
4/2/20 23:25,37.855,-94.849,3,0,0,0
4/2/20 23:25,38.205,-84.218,2,1,0,0
4/2/20 23:25,33.446,-94.418,9,1,0,0
4/2/20 23:25,41.521,-113.083,7,0,0,0
4/2/20 23:25,38.362,-82.687,4,0,0,0
4/2/20 23:25,37.627,-84.863,4,0,0,0
4/2/20 23:25,38.692,-84.085,1,0,0,0
4/2/20 23:25,29.951,-82.166,5,0,0,0
4/2/20 23:25,41.789,-76.516,8,0,0,0
4/2/20 23:25,33.468,-92.16,4,0,0,0
4/2/20 23:25,35.157,-84.857,18,0,0,0
4/2/20 23:25,41.916,-85.059,5,0,0,0
4/2/20 23:25,29.188,-95.446,109,1,0,0
4/2/20 23:25,30.664,-96.302,68,4,0,0
4/2/20 23:25,37.523,-83.32,2,0,0,0
4/2/20 23:25,37.774,-86.429,2,0,0,0
4/2/20 23:25,42.775,-92.318,1,0,0,0
4/2/20 23:25,28.294,-80.731,49,0,0,0
4/2/20 23:25,41.792,-71.109,424,3,0,0
4/2/20 23:25,41.71,-71.287,21,0,0,0
4/2/20 23:25,36.616,-82.164,1,0,0,0
4/2/20 23:25,46.333,-111.496,3,0,0,0
4/2/20 23:25,44.37,-96.791,2,0,0,0
4/2/20 23:25,30.839,-83.583,3,0,0,0
4/2/20 23:25,42.159,-75.813,46,4,0,0
4/2/20 23:25,39.96,-105.057,21,2,0,0
4/2/20 23:25,26.152,-80.487,1481,17,0,0
4/2/20 23:25,39.196,-86.229,3,0,0,0
4/2/20 23:25,44.242,-94.726,2,0,0,0
4/2/20 23:25,38.934,-83.868,2,1,0,0
4/2/20 23:25,45.59,-98.352,6,0,0,0
4/2/20 23:25,31.774,-98.999,3,0,0,0
4/2/20 23:25,44.453,-88.004,17,0,0,0
4/2/20 23:25,34.071,-78.228,23,0,0,0
4/2/20 23:25,36.764,-77.859,1,0,0,0
4/2/20 23:25,32.01,-81.44,10,1,0,0
4/2/20 23:25,33.965,-96.259,2,0,0,0
4/2/20 23:25,42.471,-91.835,3,0,0,0
4/2/20 23:25,39.658,-94.801,5,0,0,0
4/2/20 23:25,37.572,-78.525,2,0,0,0
4/2/20 23:25,40.337,-75.108,373,6,0,0
4/2/20 23:25,40.855,-99.075,8,1,0,0
4/2/20 23:25,44.378,-91.753,2,0,0,0
4/2/20 23:25,37.972,-85.69,6,1,0,0
4/2/20 23:25,32.396,-81.748,3,0,0,0
4/2/20 23:25,32.1,-85.713,2,0,0,0
4/2/20 23:25,35.611,-82.533,22,1,0,0
4/2/20 23:25,41.404,-89.528,2,0,0,0
4/2/20 23:25,33.059,-81.999,8,0,0,0
4/2/20 23:25,35.75,-81.708,9,0,0,0
4/2/20 23:25,48.791,-102.518,2,0,0,0
4/2/20 23:25,46.978,-100.465,32,0,0,0
4/2/20 23:25,30.493,-96.622,1,0,0,0
4/2/20 23:25,39.877,-74.669,294,8,0,0
4/2/20 23:25,30.788,-98.182,4,0,0,0
4/2/20 23:25,31.753,-86.681,1,0,0,0
4/2/20 23:25,42.732,-92.79,1,0,0,0
4/2/20 23:25,37.781,-96.839,7,0,0,0
4/2/20 23:25,37.209,-86.687,1,0,0,0
4/2/20 23:25,36.715,-90.404,1,0,0,0
4/2/20 23:25,39.44,-84.574,45,0,0,0
4/2/20 23:25,40.912,-79.914,69,2,0,0
4/2/20 23:25,39.667,-121.601,9,0,0,0
4/2/20 23:25,44.906,-103.508,0,0,0,0
4/2/20 23:25,33.283,-83.954,9,0,0,0
4/2/20 23:25,35.388,-80.553,50,1,0,0
4/2/20 23:25,38.424,-82.239,3,0,0,0
4/2/20 23:25,41.723,-111.744,7,0,0,0
4/2/20 23:25,32.58,-93.884,336,10,0,0
4/2/20 23:25,35.174,-98.375,2,0,0,0
4/2/20 23:25,38.205,-120.553,3,0,0,0
4/2/20 23:25,30.229,-93.354,108,1,0,0
4/2/20 23:25,39.656,-93.983,1,0,0,0
4/2/20 23:25,35.952,-81.548,3,0,0,0
4/2/20 23:25,29.837,-97.618,1,0,0,0
4/2/20 23:25,44.465,-72.103,4,0,0,0
4/2/20 23:25,33.775,-85.826,12,0,0,0
4/2/20 23:25,30.407,-85.194,1,0,0,0
4/2/20 23:25,31.532,-84.627,10,1,0,0
4/2/20 23:25,42.246,-85.005,25,0,0,0
4/2/20 23:25,33.937,-89.337,4,1,0,0
4/2/20 23:25,33.669,-80.777,3,1,0,0
4/2/20 23:25,28.47,-96.616,8,0,0,0
4/2/20 23:25,38.837,-91.922,18,0,0,0
4/2/20 23:25,36.621,-88.273,3,0,0,0
4/2/20 23:25,44.082,-88.218,3,0,0,0
4/2/20 23:25,38.54,-76.568,22,1,0,0
4/2/20 23:25,43.467,-114.807,1,0,0,0
4/2/20 23:25,40.495,-78.714,4,0,0,0
4/2/20 23:25,30.93,-81.666,6,0,0,0
4/2/20 23:25,38.022,-92.761,19,1,0,0
4/2/20 23:25,39.803,-74.964,343,6,0,0
4/2/20 23:25,41.436,-78.204,1,0,0,0
4/2/20 23:25,26.145,-97.481,37,0,0,0
4/2/20 23:25,32.972,-94.978,1,0,0,0
4/2/20 23:25,38.944,-84.379,8,0,0,0
4/2/20 23:25,36.404,-84.151,4,0,0,0
4/2/20 23:25,37.206,-79.097,2,0,0,0
4/2/20 23:25,44.249,-105.547,6,0,0,0
4/2/20 23:25,35.543,-97.985,28,1,0,0
4/2/20 23:25,32.402,-82.077,1,0,0,0
4/2/20 23:25,35.81,-86.057,4,0,0,0
4/2/20 23:25,43.62,-116.71,68,1,0,0
4/2/20 23:25,37.385,-89.684,15,0,0,0
4/2/20 23:25,39.15,-74.802,34,0,0,0
4/2/20 23:25,45.229,-109.027,1,0,0,0
4/2/20 23:25,40.915,-75.707,26,1,0,0
4/2/20 23:25,41.694,-106.933,3,0,0,0
4/2/20 23:25,46.592,-92.676,3,0,0,0
4/2/20 23:25,38.872,-75.829,4,0,0,0
4/2/20 23:25,36.34,-93.543,1,0,0,0
4/2/20 23:25,33.581,-85.08,133,2,0,0
4/2/20 23:25,42.068,-89.934,4,1,0,0
4/2/20 23:25,40.581,-86.562,2,0,0,0
4/2/20 23:25,42.036,-94.86,1,0,0,0
4/2/20 23:25,38.666,-85.126,2,0,0,0
4/2/20 23:25,39.565,-77.024,105,4,0,0
4/2/20 23:25,33.448,-89.92,3,0,0,0
4/2/20 23:25,43.875,-71.204,14,0,0,0
4/2/20 23:25,40.579,-81.092,5,0,0,0
4/2/20 23:25,35.974,-88.452,5,0,0,0
4/2/20 23:25,36.731,-80.735,1,0,0,0
4/2/20 23:25,39.155,-119.748,5,0,0,0
4/2/20 23:25,36.942,-90.961,4,0,0,0
4/2/20 23:25,34.251,-97.286,1,0,0,0
4/2/20 23:25,36.29,-82.126,1,0,0,0
4/2/20 23:25,34.893,-76.541,14,0,0,0
4/2/20 23:25,44.82,-93.801,10,0,0,0
4/2/20 23:25,47.308,-111.347,11,0,0,0
4/2/20 23:25,40.761,-86.348,2,0,0,0
4/2/20 23:25,41.915,-85.994,6,1,0,0
4/2/20 23:25,46.95,-94.326,1,0,0,0
4/2/20 23:25,38.648,-94.353,21,1,0,0
4/2/20 23:25,40.909,-96.14,2,0,0,0
4/2/20 23:25,46.932,-97.244,43,1,0,0
4/2/20 23:25,33.075,-94.346,4,0,0,0
4/2/20 23:25,42.283,-113.601,1,1,0,0
4/2/20 23:25,34.53,-102.262,8,0,0,0
4/2/20 23:25,36.393,-79.334,1,0,0,0
4/2/20 23:25,31.668,-91.845,5,1,0,0
4/2/20 23:25,35.662,-81.213,16,0,0,0
4/2/20 23:25,34.899,-85.138,4,0,0,0
4/2/20 23:25,42.248,-78.679,8,0,0,0
4/2/20 23:25,42.913,-76.557,4,0,0,0
4/2/20 23:25,39.566,-75.946,20,1,0,0
4/2/20 23:25,41.772,-91.132,11,0,0,0
4/2/20 23:25,37.724,-93.854,5,0,0,0
4/2/20 23:25,40.921,-77.822,28,0,0,0
4/2/20 23:25,43.082,-93.261,10,0,0,0
4/2/20 23:25,38.747,-106.193,17,1,0,0
4/2/20 23:25,32.914,-85.391,75,4,0,0
4/2/20 23:25,29.71,-94.672,9,0,0,0
4/2/20 23:25,40.139,-88.2,43,0,0,0
4/2/20 23:25,40.139,-83.769,4,0,0,0
4/2/20 23:25,39.515,-92.963,4,0,0,0
4/2/20 23:25,38.511,-76.986,69,1,0,0
4/2/20 23:25,37.354,-77.056,4,0,0,0
4/2/20 23:25,43.207,-98.589,1,0,0,0
4/2/20 23:25,32.825,-79.965,231,1,0,0
4/2/20 23:25,45.378,-85.196,5,0,0,0
4/2/20 23:25,26.901,-81.929,38,0,0,0
4/2/20 23:25,38.035,-78.486,17,0,0,0
4/2/20 23:25,30.784,-82.14,1,0,0,0
4/2/20 23:25,32.0,-81.125,44,2,0,0
4/2/20 23:25,35.704,-79.255,19,0,0,0
4/2/20 23:25,32.343,-84.788,2,0,0,0
4/2/20 23:25,34.472,-85.345,3,0,0,0
4/2/20 23:25,37.15,-96.245,1,0,0,0
4/2/20 23:25,42.228,-79.367,8,1,0,0
4/2/20 23:25,33.364,-104.467,10,0,0,0
4/2/20 23:25,36.261,-87.089,11,0,0,0
4/2/20 23:25,45.448,-84.501,3,0,0,0
4/2/20 23:25,47.87,-120.617,18,2,0,0
4/2/20 23:25,42.139,-76.764,22,0,0,0
4/2/20 23:25,42.494,-75.609,28,0,0,0
4/2/20 23:25,34.178,-85.606,3,0,0,0
4/2/20 23:25,34.244,-84.474,92,4,0,0
4/2/20 23:25,37.169,-94.846,4,0,0,0
4/2/20 23:25,35.135,-84.06,11,1,0,0
4/2/20 23:25,35.907,-95.0,7,0,0,0
4/2/20 23:25,35.051,-81.618,1,0,0,0
4/2/20 23:25,31.837,-95.166,5,0,0,0
4/2/20 23:25,36.677,-76.305,39,0,0,0
4/2/20 23:25,42.92,-72.253,8,0,0,0
4/2/20 23:25,39.973,-75.748,210,2,0,0
4/2/20 23:25,34.692,-81.158,6,0,0,0
4/2/20 23:25,35.425,-88.61,3,0,0,0
4/2/20 23:25,34.641,-80.156,10,0,0,0
4/2/20 23:25,37.374,-77.587,73,0,0,0
4/2/20 23:25,33.92,-88.948,14,1,0,0
4/2/20 23:25,33.265,-91.295,2,0,0,0
4/2/20 23:25,32.85,-86.717,14,0,0,0
4/2/20 23:25,46.296,-84.544,1,0,0,0
4/2/20 23:25,45.069,-91.281,11,0,0,0
4/2/20 23:25,45.502,-92.909,3,0,0,0
4/2/20 23:25,44.463,-73.084,177,4,0,0
4/2/20 23:25,32.022,-88.266,5,0,0,0
4/2/20 23:25,33.346,-89.248,7,0,0,0
4/2/20 23:25,34.028,-95.548,1,0,0,0
4/2/20 23:25,36.129,-76.601,1,0,0,0
4/2/20 23:25,39.546,-89.278,15,1,0,0
4/2/20 23:25,36.893,-87.491,7,0,0,0
4/2/20 23:25,36.971,-93.185,12,0,0,0
4/2/20 23:25,34.911,-107.999,5,0,0,0
4/2/20 23:25,28.848,-82.476,27,2,0,0
4/2/20 23:25,45.188,-122.218,61,3,0,0
4/2/20 23:25,32.823,-92.995,11,2,0,0
4/2/20 23:25,31.971,-90.907,1,0,0,0
4/2/20 23:25,36.483,-83.659,2,0,0,0
4/2/20 23:25,48.048,-123.923,8,0,0,0
4/2/20 23:25,43.988,-84.848,1,0,0,0
4/2/20 23:25,33.666,-80.216,31,1,0,0
4/2/20 23:25,41.193,-79.424,4,0,0,0
4/2/20 23:25,34.046,-93.175,26,0,0,0
4/2/20 23:25,39.334,-87.787,2,0,0,0
4/2/20 23:25,38.48,-85.705,49,1,0,0
4/2/20 23:25,37.969,-84.146,8,0,0,0
4/2/20 23:25,36.215,-115.013,1125,34,0,0
4/2/20 23:25,39.916,-83.785,7,0,0,0
4/2/20 23:25,44.858,-97.729,1,0,0,0
4/2/20 23:25,45.776,-122.483,131,8,0,0
4/2/20 23:25,44.735,-90.612,6,0,0,0
4/2/20 23:25,31.681,-87.835,2,0,0,0
4/2/20 23:25,33.954,-83.371,54,7,0,0
4/2/20 23:25,32.042,-88.689,4,0,0,0
4/2/20 23:25,39.113,-77.992,1,0,0,0
4/2/20 23:25,45.997,-123.661,3,0,0,0
4/2/20 23:25,33.27,-85.858,7,0,0,0
4/2/20 23:25,29.983,-81.856,58,6,0,0
4/2/20 23:25,31.622,-84.977,5,0,0,0
4/2/20 23:25,39.396,-87.117,1,0,0,0
4/2/20 23:25,43.082,-95.151,2,0,0,0
4/2/20 23:25,39.349,-97.165,1,0,0,0
4/2/20 23:25,46.893,-96.488,8,0,0,0
4/2/20 23:25,33.654,-88.778,7,0,0,0
4/2/20 23:25,39.311,-94.419,23,0,0,0
4/2/20 23:25,35.057,-83.744,3,0,0,0
4/2/20 23:25,42.913,-96.977,3,0,0,0
4/2/20 23:25,36.552,-85.539,1,0,0,0
4/2/20 23:25,33.787,-98.208,1,0,0,0
4/2/20 23:25,33.542,-84.356,148,5,0,0
4/2/20 23:25,42.844,-91.341,2,0,0,0
4/2/20 23:25,39.689,-105.646,6,0,0,0
4/2/20 23:25,41.001,-78.476,4,0,0,0
4/2/20 23:25,47.58,-95.378,2,0,0,0
4/2/20 23:25,33.677,-85.52,6,0,0,0
4/2/20 23:25,35.539,-92.026,63,2,0,0
4/2/20 23:25,39.048,-84.154,14,0,0,0
4/2/20 23:25,33.897,-92.185,5,0,0,0
4/2/20 23:25,35.336,-81.552,7,0,0,0
4/2/20 23:25,35.204,-97.325,121,6,0,0
4/2/20 23:25,30.914,-82.704,2,0,0,0
4/2/20 23:25,38.607,-89.424,8,0,0,0
4/2/20 23:25,40.303,-86.473,1,0,0,0
4/2/20 23:25,41.9,-90.533,9,0,0,0
4/2/20 23:25,42.944,-84.601,43,1,0,0
4/2/20 23:25,39.601,-94.405,6,0,0,0
4/2/20 23:25,44.745,-73.679,25,0,0,0
4/2/20 23:25,39.415,-83.809,5,0,0,0
4/2/20 23:25,39.48,-97.649,1,0,0,0
4/2/20 23:25,34.228,-90.604,23,0,0,0
4/2/20 23:25,33.942,-84.576,329,17,0,0
4/2/20 23:25,31.879,-109.752,4,0,0,0
4/2/20 23:25,35.928,-83.118,1,0,0,0
4/2/20 23:25,35.839,-111.771,146,5,0,0
4/2/20 23:25,44.978,-97.188,6,0,0,0
4/2/20 23:25,31.399,-85.989,4,0,0,0
4/2/20 23:25,31.549,-82.855,9,0,0,0
4/2/20 23:25,35.491,-86.073,3,0,0,0
4/2/20 23:25,38.237,-95.734,16,1,0,0
4/2/20 23:25,34.698,-87.802,5,0,0,0
4/2/20 23:25,38.505,-92.279,25,0,0,0
4/2/20 23:25,32.876,-80.676,6,0,0,0
4/2/20 23:25,26.111,-81.347,178,2,0,0
4/2/20 23:25,33.188,-96.573,207,1,0,0
4/2/20 23:25,29.622,-96.527,2,0,0,0
4/2/20 23:25,31.188,-83.768,23,1,0,0
4/2/20 23:25,33.212,-93.226,1,0,0,0
4/2/20 23:25,30.225,-82.622,4,0,0,0
4/2/20 23:25,33.545,-82.264,27,0,0,0
4/2/20 23:25,42.248,-73.631,45,1,0,0
4/2/20 23:25,45.945,-123.089,1,0,0,0
4/2/20 23:25,41.048,-76.406,11,0,0,0
4/2/20 23:25,46.294,-117.905,1,0,0,0
4/2/20 23:25,43.465,-89.336,15,0,0,0
4/2/20 23:25,40.769,-80.781,22,2,0,0
4/2/20 23:25,34.267,-78.658,4,0,0,0
4/2/20 23:25,39.179,-122.233,1,0,0,0
4/2/20 23:25,29.808,-98.276,15,2,0,0
4/2/20 23:25,34.66,-98.472,27,0,0,0
4/2/20 23:25,31.949,-98.559,1,0,0,0
4/2/20 23:25,31.448,-91.638,8,0,0,0
4/2/20 23:25,31.434,-86.993,0,0,0,0
4/2/20 23:25,37.919,-121.929,250,3,0,0
4/2/20 23:25,42.973,-105.508,2,0,0,0
4/2/20 23:25,35.262,-92.705,1,1,0,0
4/2/20 23:25,31.161,-83.429,1,0,0,0
4/2/20 23:25,41.841,-87.817,5575,107,0,0
4/2/20 23:25,38.844,-92.809,2,0,0,0
4/2/20 23:25,32.937,-86.248,5,0,0,0
4/2/20 23:25,31.87,-90.446,10,0,0,0
4/2/20 23:25,42.595,-76.07,11,0,0,0
4/2/20 23:25,31.391,-97.799,1,0,0,0
4/2/20 23:25,40.301,-81.917,8,0,0,0
4/2/20 23:25,37.277,-105.428,3,0,0,0
4/2/20 23:25,34.288,-98.371,1,0,0,0
4/2/20 23:25,44.007,-95.181,5,0,0,0
4/2/20 23:25,31.248,-86.451,3,0,0,0
4/2/20 23:25,31.632,-89.554,3,0,0,0
4/2/20 23:25,37.782,-79.986,1,0,0,0
4/2/20 23:25,33.353,-84.761,44,2,0,0
4/2/20 23:25,37.238,-96.838,1,0,0,0
4/2/20 23:25,46.191,-122.678,18,0,0,0
4/2/20 23:25,36.763,-95.209,2,0,0,0
4/2/20 23:25,35.83,-90.632,12,0,0,0
4/2/20 23:25,31.431,-102.514,2,0,0,0
4/2/20 23:25,35.118,-77.084,10,0,0,0
4/2/20 23:25,35.589,-94.245,1,0,0,0
4/2/20 23:25,39.003,-87.76,1,0,0,0
4/2/20 23:25,38.288,-86.445,1,0,0,0
4/2/20 23:25,42.037,-95.382,1,0,0,0
4/2/20 23:25,37.507,-94.852,5,1,0,0
4/2/20 23:25,44.683,-84.61,1,0,0,0
4/2/20 23:25,37.977,-91.305,1,0,0,0
4/2/20 23:25,40.851,-82.92,6,0,0,0
4/2/20 23:25,41.684,-80.108,5,0,0,0
4/2/20 23:25,43.239,-90.931,1,0,0,0
4/2/20 23:25,35.902,-96.371,36,1,0,0
4/2/20 23:25,31.729,-86.316,1,0,0,0
4/2/20 23:25,31.923,-83.768,21,0,0,0
4/2/20 23:25,35.212,-90.308,32,0,0,0
4/2/20 23:25,35.296,-90.772,1,0,0,0
4/2/20 23:25,46.481,-94.068,2,0,0,0
4/2/20 23:25,38.326,-103.784,1,1,0,0
4/2/20 23:25,34.13,-86.869,9,1,0,0
4/2/20 23:25,38.482,-77.956,6,0,0,0
4/2/20 23:25,39.274,-88.24,1,0,0,0
4/2/20 23:25,43.837,-70.372,204,5,0,0
4/2/20 23:25,39.372,-75.107,31,1,0,0
4/2/20 23:25,35.048,-78.826,27,0,0,0
4/2/20 23:25,40.163,-77.261,41,1,0,0
4/2/20 23:25,35.953,-84.998,16,0,0,0
4/2/20 23:25,37.513,-78.244,1,0,0,0
4/2/20 23:25,41.916,-96.787,1,0,0,0
4/2/20 23:25,36.361,-75.959,2,0,0,0
4/2/20 23:25,34.574,-103.347,5,0,0,0
4/2/20 23:25,44.242,-114.286,2,0,0,0
4/2/20 23:25,35.639,-99.002,5,0,0,0
4/2/20 23:25,41.424,-81.659,663,12,0,0
4/2/20 23:25,34.855,-85.505,1,0,0,0
4/2/20 23:25,44.672,-93.063,52,0,0,0
4/2/20 23:25,31.43,-85.611,1,0,0,0
4/2/20 23:25,32.327,-87.109,4,0,0,0
4/2/20 23:25,41.686,-94.041,31,0,0,0
4/2/20 23:25,32.767,-96.778,831,24,0,0
4/2/20 23:25,43.066,-89.417,238,3,0,0
4/2/20 23:25,36.58,-79.404,7,0,0,0
4/2/20 23:25,35.665,-75.718,3,0,0,0
4/2/20 23:25,40.134,-84.619,22,1,0,0
4/2/20 23:25,34.334,-79.96,15,0,0,0
4/2/20 23:25,40.414,-76.78,67,1,0,0
4/2/20 23:25,35.791,-80.213,41,0,0,0
4/2/20 23:25,36.17,-86.786,785,5,0,0
4/2/20 23:25,35.931,-80.545,12,1,0,0
4/2/20 23:25,37.73,-87.09,34,1,0,0
4/2/20 23:25,40.99,-112.114,103,1,0,0
4/2/20 23:25,43.675,-98.145,3,0,0,0
4/2/20 23:25,34.442,-84.17,11,0,0,0
4/2/20 23:25,40.87,-99.82,1,0,0,0
4/2/20 23:25,32.743,-101.948,3,0,0,0
4/2/20 23:25,32.055,-93.741,42,1,0,0
4/2/20 23:25,34.459,-85.808,8,0,0,0
4/2/20 23:25,33.769,-84.224,396,6,0,0
4/2/20 23:25,41.894,-88.77,16,0,0,0
4/2/20 23:25,41.398,-84.999,2,0,0,0
4/2/20 23:25,39.892,-94.405,1,0,0,0
4/2/20 23:25,35.976,-85.837,5,0,0,0
4/2/20 23:25,27.187,-81.809,8,1,0,0
4/2/20 23:25,34.876,-89.991,103,1,0,0
4/2/20 23:25,29.081,-97.357,4,0,0,0
4/2/20 23:25,34.965,-102.605,2,0,0,0
4/2/20 23:25,39.146,-84.973,22,1,0,0
4/2/20 23:25,30.88,-84.576,9,0,0,0
4/2/20 23:25,39.307,-85.501,59,3,0,0
4/2/20 23:25,35.6,-88.11,0,0,0,0
4/2/20 23:25,46.06,-113.073,3,0,0,0
4/2/20 23:25,41.324,-84.491,6,0,0,0
4/2/20 23:25,40.228,-85.397,25,1,0,0
4/2/20 23:25,42.471,-91.366,1,0,0,0
4/2/20 23:25,42.198,-74.967,22,0,0,0
4/2/20 23:25,40.279,-83.005,50,1,0,0
4/2/20 23:25,36.408,-94.803,10,0,0,0
4/2/20 23:25,39.917,-75.402,470,8,0,0
4/2/20 23:25,38.862,-107.863,1,0,0,0
4/2/20 23:25,45.905,-86.908,4,0,0,0
4/2/20 23:25,33.205,-97.117,254,5,0,0
4/2/20 23:25,39.76,-104.873,586,8,0,0
4/2/20 23:25,40.92,-91.183,1,0,0,0
4/2/20 23:25,43.916,-121.229,32,0,0,0
4/2/20 23:25,33.83,-91.255,2,0,0,0
4/2/20 23:25,44.76,-96.669,1,0,0,0
4/2/20 23:25,43.378,-95.151,1,0,0,0
4/2/20 23:25,46.01,-87.87,1,0,0,0
4/2/20 23:25,36.147,-87.359,20,0,0,0
4/2/20 23:25,34.39,-79.377,1,0,0,0
4/2/20 23:25,38.904,-77.017,653,12,0,0
4/2/20 23:25,48.815,-103.487,1,0,0,0
4/2/20 23:25,32.173,-83.169,3,0,0,0
4/2/20 23:25,44.022,-92.862,10,0,0,0
4/2/20 23:25,41.581,-96.656,4,0,0,0
4/2/20 23:25,43.416,-88.709,13,0,0,0
4/2/20 23:25,32.353,-106.833,21,0,0,0
4/2/20 23:25,39.791,-95.141,1,0,0,0
4/2/20 23:25,34.965,-100.814,1,0,0,0
4/2/20 23:25,32.156,-83.797,11,0,0,0
4/2/20 23:25,44.959,-87.3,2,0,0,0
4/2/20 23:25,38.454,-76.028,1,0,0,0
4/2/20 23:25,33.079,-80.405,35,0,0,0
4/2/20 23:25,31.533,-84.217,507,29,0,0
4/2/20 23:25,39.331,-104.93,158,0,0,0
4/2/20 23:25,33.703,-84.77,60,3,0,0
4/2/20 23:25,39.768,-88.219,8,0,0,0
4/2/20 23:25,38.885,-95.293,31,0,0,0
4/2/20 23:25,45.933,-95.453,1,0,0,0
4/2/20 23:25,41.295,-96.151,116,1,0,0
4/2/20 23:25,38.913,-119.617,6,0,0,0
4/2/20 23:25,43.279,-123.167,9,0,0,0
4/2/20 23:25,47.736,-119.693,6,0,0,0
4/2/20 23:25,46.432,-91.916,7,0,0,0
4/2/20 23:25,33.59,-91.718,1,0,0,0
4/2/20 23:25,41.851,-88.086,448,14,0,0
4/2/20 23:25,38.366,-86.879,3,0,0,0
4/2/20 23:25,42.468,-90.882,22,1,0,0
4/2/20 23:25,40.298,-110.425,1,0,0,0
4/2/20 23:25,41.407,-70.688,12,0,0,0
4/2/20 23:25,36.272,-90.091,6,0,0,0
4/2/20 23:25,47.354,-102.616,1,0,0,0
4/2/20 23:25,44.946,-91.896,3,0,0,0
4/2/20 23:25,34.934,-77.931,2,0,0,0
4/2/20 23:25,36.036,-78.876,147,0,0,0
4/2/20 23:25,41.765,-73.744,667,5,0,0
4/2/20 23:25,30.332,-81.67,286,9,0,0
4/2/20 23:25,36.059,-89.415,5,0,0,0
4/2/20 23:25,39.628,-106.693,295,4,0,0
4/2/20 23:25,31.322,-84.903,41,1,0,0
4/2/20 23:25,30.538,-91.098,325,11,0,0
4/2/20 23:25,32.739,-91.234,1,0,0,0
4/2/20 23:25,30.844,-91.05,14,0,0,0
4/2/20 23:25,32.327,-98.832,3,0,0,0
4/2/20 23:25,42.596,-84.837,37,1,0,0
4/2/20 23:25,44.727,-91.286,14,0,0,0
4/2/20 23:25,31.869,-102.543,12,0,0,0
4/2/20 23:25,32.472,-104.305,4,1,0,0
4/2/20 23:25,35.912,-77.594,4,0,0,0
4/2/20 23:25,33.772,-81.962,4,0,0,0
4/2/20 23:25,37.212,-86.24,2,0,0,0
4/2/20 23:25,32.366,-81.343,6,0,0,0
4/2/20 23:25,38.78,-120.523,18,0,0,0
4/2/20 23:25,38.832,-104.525,314,14,0,0
4/2/20 23:25,31.77,-106.236,75,0,0,0
4/2/20 23:25,39.287,-104.136,5,0,0,0
4/2/20 23:25,41.598,-85.859,27,3,0,0
4/2/20 23:25,41.145,-115.358,5,0,0,0
4/2/20 23:25,32.349,-96.794,26,0,0,0
4/2/20 23:25,32.598,-86.144,18,0,0,0
4/2/20 23:25,43.351,-115.47,3,0,0,0
4/2/20 23:25,32.592,-82.302,1,0,0,0
4/2/20 23:25,45.526,-84.891,6,1,0,0
4/2/20 23:25,32.236,-98.218,8,1,0,0
4/2/20 23:25,42.762,-78.731,617,12,0,0
4/2/20 23:25,41.368,-82.629,5,1,0,0
4/2/20 23:25,41.993,-80.033,17,0,0,0
4/2/20 23:25,31.126,-87.159,1,0,0,0
4/2/20 23:25,30.677,-87.373,101,0,0,0
4/2/20 23:25,42.669,-70.947,1039,18,0,0
4/2/20 23:25,40.787,-74.247,2617,99,0,0
4/2/20 23:25,44.116,-73.773,7,0,0,0
4/2/20 23:25,34.046,-86.041,15,1,0,0
4/2/20 23:25,30.73,-92.399,16,0,0,0
4/2/20 23:25,64.807,-146.569,40,0,0,0
4/2/20 23:25,38.837,-77.276,328,2,0,0
4/2/20 23:25,38.852,-77.298,0,0,0,0
4/2/20 23:25,41.268,-73.388,2132,65,0,0
4/2/20 23:25,39.751,-82.631,28,0,0,0
4/2/20 23:25,34.393,-81.12,8,0,0,0
4/2/20 23:25,43.239,-103.528,1,0,0,0
4/2/20 23:25,31.254,-96.936,1,0,0,0
4/2/20 23:25,34.864,-84.317,6,0,0,0
4/2/20 23:25,33.596,-96.108,1,0,0,0
4/2/20 23:25,43.674,-93.948,2,0,0,0
4/2/20 23:25,45.071,-99.145,1,0,0,0
4/2/20 23:25,35.147,-92.337,37,1,0,0
4/2/20 23:25,38.736,-77.806,8,0,0,0
4/2/20 23:25,33.721,-87.739,1,0,0,0
4/2/20 23:25,33.414,-84.491,52,4,0,0
4/2/20 23:25,39.001,-89.025,2,0,0,0
4/2/20 23:25,39.637,-85.178,11,2,0,0
4/2/20 23:25,42.863,-91.844,2,0,0,0
4/2/20 23:25,38.037,-84.456,116,3,0,0
4/2/20 23:25,39.56,-83.456,1,0,0,0
4/2/20 23:25,39.92,-79.643,15,1,0,0
4/2/20 23:25,35.196,-89.414,14,0,0,0
4/2/20 23:25,29.878,-96.921,4,0,0,0
4/2/20 23:25,36.381,-84.929,1,0,0,0
4/2/20 23:25,48.471,-118.515,1,0,0,0
4/2/20 23:25,43.674,-92.09,9,0,0,0
4/2/20 23:25,38.043,-100.738,3,0,0,0
4/2/20 23:25,29.459,-81.315,25,1,0,0
4/2/20 23:25,48.296,-114.052,18,0,0,0
4/2/20 23:25,34.024,-79.702,26,5,0,0
4/2/20 23:25,34.263,-85.216,71,2,0,0
4/2/20 23:25,38.321,-85.904,34,0,0,0
4/2/20 23:25,37.842,-78.277,4,0,0,0
4/2/20 23:25,43.754,-88.489,28,2,0,0
4/2/20 23:25,40.597,-88.224,1,0,0,0
4/2/20 23:25,37.692,-99.888,0,0,0,0
4/2/20 23:25,41.511,-79.232,1,0,0,0
4/2/20 23:25,31.19,-89.258,26,1,0,0
4/2/20 23:25,34.226,-84.123,51,1,0,0
4/2/20 23:25,36.129,-80.255,63,1,0,0
4/2/20 23:25,29.527,-95.772,194,2,0,0
4/2/20 23:25,47.457,-98.883,1,0,0,0
4/2/20 23:25,40.124,-87.242,2,1,0,0
4/2/20 23:25,34.442,-87.843,6,0,0,0
4/2/20 23:25,34.375,-83.232,5,0,0,0
4/2/20 23:25,37.992,-88.926,1,0,0,0
4/2/20 23:25,39.414,-85.061,45,6,0,0
4/2/20 23:25,38.564,-95.286,7,0,0,0
4/2/20 23:25,38.238,-84.88,6,0,0,0
4/2/20 23:25,32.137,-91.676,5,0,0,0
4/2/20 23:25,44.973,-70.444,3,0,0,0
4/2/20 23:25,42.581,-72.586,85,8,0,0
4/2/20 23:25,31.478,-90.897,3,0,0,0
4/2/20 23:25,38.411,-91.075,19,0,0,0
4/2/20 23:25,44.59,-74.299,9,0,0,0
4/2/20 23:25,36.082,-78.287,12,0,0,0
4/2/20 23:25,39.97,-83.011,441,5,0,0
4/2/20 23:25,39.93,-77.722,23,0,0,0
4/2/20 23:25,35.156,-86.092,8,0,0,0
4/2/20 23:25,33.177,-95.219,1,0,0,0
4/2/20 23:25,44.856,-72.912,16,0,0,0
4/2/20 23:25,36.995,-79.88,6,0,0,0
4/2/20 23:25,46.534,-118.902,41,1,0,0
4/2/20 23:25,36.683,-76.939,1,0,0,0
4/2/20 23:25,39.473,-77.4,45,3,0,0
4/2/20 23:25,39.202,-78.26,16,0,0,0
4/2/20 23:25,38.298,-77.492,2,0,0,0
4/2/20 23:25,43.674,-93.349,5,0,0,0
4/2/20 23:25,38.474,-105.44,2,0,0,0
4/2/20 23:25,44.228,-111.481,1,0,0,0
4/2/20 23:25,43.042,-108.63,26,0,0,0
4/2/20 23:25,36.757,-119.647,82,0,0,0
4/2/20 23:25,33.792,-84.463,712,22,0,0
4/2/20 23:25,41.047,-86.263,1,0,0,0
4/2/20 23:25,43.114,-74.418,6,0,0,0
4/2/20 23:25,41.602,-84.126,3,0,0,0
4/2/20 23:25,30.578,-84.619,2,0,0,0
4/2/20 23:25,40.262,-96.689,1,0,0,0
4/2/20 23:25,32.741,-102.635,1,0,0,0
4/2/20 23:25,36.666,-80.917,1,0,0,0
4/2/20 23:25,45.545,-111.169,93,0,0,0
4/2/20 23:25,38.827,-82.316,3,1,0,0
4/2/20 23:25,29.402,-94.905,118,0,0,0
4/2/20 23:25,39.599,-107.903,34,1,0,0
4/2/20 23:25,36.379,-97.783,4,0,0,0
4/2/20 23:25,37.854,-111.442,1,0,0,0
4/2/20 23:25,34.577,-93.149,37,0,0,0
4/2/20 23:25,39.528,-79.274,3,0,0,0
4/2/20 23:25,34.704,-97.308,8,0,0,0
4/2/20 23:25,38.439,-91.508,1,0,0,0
4/2/20 23:25,35.294,-81.175,33,1,0,0
4/2/20 23:25,36.447,-76.697,1,0,0,0
4/2/20 23:25,41.5,-81.179,33,0,0,0
4/2/20 23:25,44.065,-116.398,4,0,0,0
4/2/20 23:25,43.022,-83.706,349,10,0,0
4/2/20 23:25,43.002,-78.191,16,1,0,0
4/2/20 23:25,30.863,-88.644,4,0,0,0
4/2/20 23:25,33.434,-79.332,15,0,0,0
4/2/20 23:25,38.304,-87.581,4,0,0,0
4/2/20 23:25,35.994,-88.934,6,0,0,0
4/2/20 23:25,33.802,-110.813,2,0,0,0
4/2/20 23:25,35.202,-87.04,3,0,0,0
4/2/20 23:25,30.318,-98.947,1,0,0,0
4/2/20 23:25,34.693,-84.458,1,0,0,0
4/2/20 23:25,26.956,-81.19,3,1,0,0
4/2/20 23:25,43.989,-84.388,2,0,0,0
4/2/20 23:25,39.599,-122.394,2,0,0,0
4/2/20 23:25,39.716,-75.14,169,2,0,0
4/2/20 23:25,37.408,-76.535,8,0,0,0
4/2/20 23:25,31.233,-81.538,20,0,0,0
4/2/20 23:25,46.409,-89.694,3,1,0,0
4/2/20 23:25,28.657,-97.428,1,0,0,0
4/2/20 23:25,29.456,-97.494,1,0,0,0
4/2/20 23:25,37.717,-77.904,9,0,0,0
4/2/20 23:25,44.408,-92.723,4,0,0,0
4/2/20 23:25,42.969,-114.811,1,0,0,0
4/2/20 23:25,34.505,-84.873,20,1,0,0
4/2/20 23:25,42.088,-104.353,1,0,0,0
4/2/20 23:25,40.515,-99.83,1,0,0,0
4/2/20 23:25,38.916,-100.483,1,0,0,0
4/2/20 23:25,30.875,-84.234,2,0,0,0
4/2/20 23:25,35.017,-97.883,3,0,0,0
4/2/20 23:25,43.938,-71.821,38,0,0,0
4/2/20 23:25,32.932,-109.888,2,0,0,0
4/2/20 23:25,36.275,-83.513,3,0,0,0
4/2/20 23:25,40.106,-106.118,4,0,0,0
4/2/20 23:25,38.981,-109.57,1,0,0,0
4/2/20 23:25,47.921,-97.455,5,0,0,0
4/2/20 23:25,44.696,-85.556,9,2,0,0
4/2/20 23:25,34.29,-92.423,3,0,0,0
4/2/20 23:25,40.516,-85.655,11,0,0,0
4/2/20 23:25,38.65,-84.624,1,0,0,0
4/2/20 23:25,31.599,-92.561,5,0,0,0
4/2/20 23:25,32.739,-108.383,1,0,0,0
4/2/20 23:25,46.358,-101.639,1,0,0,0
4/2/20 23:25,44.49,-119.007,1,0,0,0
4/2/20 23:25,47.208,-119.45,73,1,0,0
4/2/20 23:25,42.867,-90.706,2,0,0,0
4/2/20 23:25,36.303,-78.652,20,0,0,0
4/2/20 23:25,43.293,-84.605,5,0,0,0
4/2/20 23:25,35.401,-100.813,1,0,0,0
4/2/20 23:25,47.14,-123.782,2,0,0,0
4/2/20 23:25,37.462,-86.342,2,0,0,0
4/2/20 23:25,33.627,-96.678,11,0,0,0
4/2/20 23:25,42.679,-89.602,7,0,0,0
4/2/20 23:25,37.946,-80.453,3,0,0,0
4/2/20 23:25,32.855,-87.957,3,0,0,0
4/2/20 23:25,36.117,-90.558,1,0,0,0
4/2/20 23:25,33.577,-83.171,8,0,0,0
4/2/20 23:25,39.036,-86.962,8,0,0,0
4/2/20 23:25,37.258,-93.342,54,6,0,0
4/2/20 23:25,42.276,-74.124,21,0,0,0
4/2/20 23:25,35.485,-77.676,5,0,0,0
4/2/20 23:25,39.691,-83.89,8,1,0,0
4/2/20 23:25,39.857,-80.224,11,0,0,0
4/2/20 23:25,36.175,-82.847,16,1,0,0
4/2/20 23:25,38.295,-78.465,1,0,0,0
4/2/20 23:25,33.215,-109.241,1,0,0,0
4/2/20 23:25,36.679,-77.564,3,0,0,0
4/2/20 23:25,34.895,-82.373,154,1,0,0
4/2/20 23:25,34.153,-82.127,8,0,0,0
4/2/20 23:25,34.935,-99.561,2,1,0,0
4/2/20 23:25,32.479,-94.816,8,0,0,0
4/2/20 23:25,33.77,-89.802,4,0,0,0
4/2/20 23:25,30.546,-95.989,3,0,0,0
4/2/20 23:25,41.286,-88.419,5,0,0,0
4/2/20 23:25,35.384,-85.721,8,0,0,0
4/2/20 23:25,29.582,-97.948,20,0,0,0
4/2/20 23:25,40.05,-81.492,1,0,0,0
4/2/20 23:25,36.08,-79.788,74,3,0,0
4/2/20 23:25,29.935,-85.243,1,0,0,0
4/2/20 23:25,38.666,-107.032,84,1,0,0
4/2/20 23:25,41.684,-94.501,1,0,0,0
4/2/20 23:25,33.96,-84.021,282,6,0,0
4/2/20 23:25,34.633,-83.531,2,0,0,0
4/2/20 23:25,32.76,-87.633,3,0,0,0
4/2/20 23:25,34.07,-101.827,6,0,0,0
4/2/20 23:25,36.257,-77.656,7,0,0,0
4/2/20 23:25,36.767,-78.935,1,0,0,0
4/2/20 23:25,34.322,-83.819,72,0,0,0
4/2/20 23:25,40.873,-98.502,17,1,0,0
4/2/20 23:25,36.22,-83.266,3,0,0,0
4/2/20 23:25,40.073,-86.052,207,4,0,0
4/2/20 23:25,40.873,-98.021,2,0,0,0
4/2/20 23:25,43.661,-74.497,2,0,0,0
4/2/20 23:25,39.197,-84.545,178,2,0,0
4/2/20 23:25,35.177,-85.167,61,5,0,0
4/2/20 23:25,44.674,-97.188,1,0,0,0
4/2/20 23:25,42.134,-72.632,546,19,0,0
4/2/20 23:25,42.34,-72.659,102,2,0,0
4/2/20 23:25,32.774,-81.138,1,0,0,0
4/2/20 23:25,37.035,-76.359,16,1,0,0
4/2/20 23:25,39.823,-85.776,37,2,0,0
4/2/20 23:25,43.082,-93.735,3,0,0,0
4/2/20 23:25,37.838,-86.783,1,0,0,0
4/2/20 23:25,44.598,-68.384,2,0,0,0
4/2/20 23:25,30.418,-89.489,22,1,0,0
4/2/20 23:25,41.003,-83.668,8,0,0,0
4/2/20 23:25,40.519,-80.575,5,0,0,0
4/2/20 23:25,37.758,-77.495,8,0,0,0
4/2/20 23:25,33.796,-85.21,6,0,0,0
4/2/20 23:25,27.493,-81.81,1,0,0,0
4/2/20 23:25,35.208,-88.992,4,0,0,0
4/2/20 23:25,42.384,-93.237,1,0,0,0
4/2/20 23:25,37.698,-85.963,6,0,0,0
4/2/20 23:25,40.66,-83.659,1,0,0,0
4/2/20 23:25,35.197,-88.186,2,0,0,0
4/2/20 23:25,30.334,-94.389,14,0,0,0
4/2/20 23:25,39.007,-78.859,2,0,0,0
4/2/20 23:25,39.55,-76.308,37,0,0,0
4/2/20 23:25,35.367,-78.872,19,1,0,0
4/2/20 23:25,32.737,-84.905,5,0,0,0
4/2/20 23:25,29.86,-95.39,955,6,0,0
4/2/20 23:25,38.195,-86.109,18,0,0,0
4/2/20 23:25,41.683,-95.816,10,0,0,0
4/2/20 23:25,38.442,-84.329,11,0,0,0
4/2/20 23:25,30.514,-89.125,53,1,0,0
4/2/20 23:25,40.356,-93.992,2,0,0,0
4/2/20 23:25,32.549,-94.369,5,0,0,0
4/2/20 23:25,39.285,-80.379,17,0,0,0
4/2/20 23:25,38.435,-78.875,15,0,0,0
4/2/20 23:25,34.346,-82.966,3,0,0,0
4/2/20 23:25,41.803,-72.731,539,13,0,0
4/2/20 23:25,38.043,-97.427,2,0,0,0
4/2/20 23:25,19.601,-155.521,18,0,0,0
4/2/20 23:25,36.444,-82.949,7,0,0,0
4/2/20 23:25,30.057,-98.029,42,0,0,0
4/2/20 23:25,35.553,-82.982,2,0,0,0
4/2/20 23:25,35.583,-89.285,2,0,0,0
4/2/20 23:25,33.297,-85.129,2,1,0,0
4/2/20 23:25,33.733,-93.669,1,0,0,0
4/2/20 23:25,37.793,-87.574,5,0,0,0
4/2/20 23:25,35.338,-82.477,22,0,0,0
4/2/20 23:25,32.211,-95.858,1,0,0,0
4/2/20 23:25,39.767,-86.51,116,1,0,0
4/2/20 23:25,26.554,-81.165,4,0,0,0
4/2/20 23:25,45.008,-93.477,235,6,0,0
4/2/20 23:25,37.535,-77.393,87,2,0,0
4/2/20 23:25,33.453,-84.148,108,2,0,0
4/2/20 23:25,41.353,-90.133,4,0,0,0
4/2/20 23:25,39.93,-85.396,6,0,0,0
4/2/20 23:25,40.988,-91.544,5,0,0,0
4/2/20 23:25,38.385,-93.793,1,1,0,0
4/2/20 23:25,36.332,-88.301,4,0,0,0
4/2/20 23:25,36.685,-79.876,2,0,0,0
4/2/20 23:25,43.42,-74.961,14,2,0,0
4/2/20 23:25,28.554,-82.427,34,0,0,0
4/2/20 23:25,36.361,-76.981,4,0,0,0
4/2/20 23:25,35.806,-87.476,1,0,0,0
4/2/20 23:25,26.394,-98.183,62,0,0,0
4/2/20 23:25,39.184,-83.603,3,0,0,0
4/2/20 23:25,27.343,-81.341,24,1,0,0
4/2/20 23:25,48.629,-110.113,1,0,0,0
4/2/20 23:25,31.99,-97.134,3,0,0,0
4/2/20 23:25,27.928,-82.32,404,5,0,0
4/2/20 23:25,41.888,-84.593,24,1,0,0
4/2/20 23:25,32.266,-90.444,118,0,0,0
4/2/20 23:25,37.822,-107.3,1,0,0,0
4/2/20 23:25,33.608,-102.343,7,0,0,0
4/2/20 23:25,35.019,-79.237,7,0,0,0
4/2/20 23:25,30.867,-85.813,1,0,0,0
4/2/20 23:25,33.123,-90.089,16,2,0,0
4/2/20 23:25,40.562,-81.926,1,0,0,0
4/2/20 23:25,21.458,-157.971,182,1,0,0
4/2/20 23:25,32.43,-97.832,6,0,0,0
4/2/20 23:25,45.519,-121.655,3,0,0,0
4/2/20 23:25,37.292,-77.298,5,0,0,0
4/2/20 23:25,37.309,-87.547,27,2,0,0
4/2/20 23:25,33.149,-95.564,3,0,0,0
4/2/20 23:25,33.921,-78.996,50,4,0,0
4/2/20 23:25,34.317,-92.954,5,0,0,0
4/2/20 23:25,46.9,-88.685,1,0,0,0
4/2/20 23:25,31.152,-85.299,11,0,0,0
4/2/20 23:25,32.458,-83.669,47,5,0,0
4/2/20 23:25,36.289,-87.719,1,0,0,0
4/2/20 23:25,34.09,-93.993,1,0,0,0
4/2/20 23:25,40.485,-86.114,24,2,0,0
4/2/20 23:25,39.253,-76.931,152,2,0,0
4/2/20 23:25,36.774,-91.887,1,0,0,0
4/2/20 23:25,40.738,-74.075,2270,44,0,0
4/2/20 23:25,37.685,-104.961,1,0,0,0
4/2/20 23:25,44.391,-99.997,3,0,0,0
4/2/20 23:25,40.699,-123.876,28,0,0,0
4/2/20 23:25,41.407,-118.111,5,0,0,0
4/2/20 23:25,33.128,-90.523,4,1,0,0
4/2/20 23:25,36.04,-87.78,2,0,0,0
4/2/20 23:25,33.124,-96.086,4,0,0,0
4/2/20 23:25,40.563,-74.913,130,0,0,0
4/2/20 23:25,40.422,-77.977,2,0,0,0
4/2/20 23:25,40.829,-85.488,3,1,0,0
4/2/20 23:25,43.834,-83.041,4,0,0,0
4/2/20 23:25,41.147,-82.599,4,1,0,0
4/2/20 23:25,43.334,-97.755,2,0,0,0
4/2/20 23:25,29.868,-91.759,67,1,0,0
4/2/20 23:25,30.257,-91.35,69,4,0,0
4/2/20 23:25,45.847,-115.463,2,0,0,0
4/2/20 23:25,33.039,-115.367,43,1,0,0
4/2/20 23:25,35.742,-91.57,3,0,0,0
4/2/20 23:25,27.693,-80.606,41,0,0,0
4/2/20 23:25,40.652,-79.09,6,0,0,0
4/2/20 23:25,42.597,-84.375,128,1,0,0
4/2/20 23:25,36.511,-117.411,9,0,0,0
4/2/20 23:25,42.945,-85.074,5,0,0,0
4/2/20 23:25,44.355,-83.635,1,0,0,0
4/2/20 23:25,41.686,-92.064,5,0,0,0
4/2/20 23:25,43.001,-90.135,3,0,0,0
4/2/20 23:25,35.81,-80.874,36,0,0,0
4/2/20 23:25,37.859,-113.29,7,0,0,0
4/2/20 23:25,46.263,-90.243,1,1,0,0
4/2/20 23:25,40.747,-87.825,2,0,0,0
4/2/20 23:25,31.602,-83.275,5,0,0,0
4/2/20 23:25,43.641,-84.847,8,1,0,0
4/2/20 23:25,45.562,-93.295,2,0,0,0
4/2/20 23:25,48.147,-122.522,114,5,0,0
4/2/20 23:25,36.906,-76.708,8,0,0,0
4/2/20 23:25,47.51,-93.631,2,0,0,0
4/2/20 23:25,34.28,-88.361,3,0,0,0
4/2/20 23:25,34.781,-85.998,14,1,0,0
4/2/20 23:25,30.795,-85.215,4,0,0,0
4/2/20 23:25,34.138,-83.568,11,0,0,0
4/2/20 23:25,37.786,-89.382,6,0,0,0
4/2/20 23:25,38.909,-86.039,19,0,0,0
4/2/20 23:25,42.172,-90.574,1,0,0,0
4/2/20 23:25,39.417,-95.794,1,0,0,0
4/2/20 23:25,32.303,-92.557,4,0,0,0
4/2/20 23:25,42.248,-84.423,67,2,0,0
4/2/20 23:25,43.674,-95.154,1,0,0,0
4/2/20 23:25,30.54,-88.642,57,1,0,0
4/2/20 23:25,39.01,-94.347,103,2,0,0
4/2/20 23:25,35.288,-83.141,1,0,0,0
4/2/20 23:25,34.588,-99.411,2,0,0,0
4/2/20 23:25,42.432,-122.729,27,0,0,0
4/2/20 23:25,28.955,-96.577,2,0,0,0
4/2/20 23:25,38.843,-81.681,11,0,0,0
4/2/20 23:25,44.319,-90.806,2,0,0,0
4/2/20 23:25,37.312,-76.77,97,2,0,0
4/2/20 23:25,33.315,-83.688,2,0,0,0
4/2/20 23:25,41.021,-87.116,11,1,0,0
4/2/20 23:25,41.686,-93.056,7,0,0,0
4/2/20 23:25,32.019,-89.118,2,0,0,0
4/2/20 23:25,37.204,-94.341,7,0,0,0
4/2/20 23:25,32.432,-81.025,7,0,0,0
4/2/20 23:25,30.747,-94.027,2,0,0,0
4/2/20 23:25,40.438,-85.006,1,0,0,0
4/2/20 23:25,31.804,-82.637,0,0,0,0
4/2/20 23:25,33.556,-86.895,339,4,0,0
4/2/20 23:25,34.268,-91.926,49,0,0,0
4/2/20 23:25,39.586,-105.252,356,7,0,0
4/2/20 23:25,33.059,-82.416,2,0,0,0
4/2/20 23:25,43.821,-112.313,3,0,0,0
4/2/20 23:25,38.786,-85.436,3,0,0,0
4/2/20 23:25,41.032,-91.948,1,0,0,0
4/2/20 23:25,39.235,-95.383,1,0,0,0
4/2/20 23:25,38.187,-85.659,228,7,0,0
4/2/20 23:25,29.741,-90.111,2178,73,0,0
4/2/20 23:25,31.734,-91.038,1,0,0,0
4/2/20 23:25,38.259,-90.539,47,0,0,0
4/2/20 23:25,46.149,-112.094,2,0,0,0
4/2/20 23:25,44.042,-75.947,15,0,0,0
4/2/20 23:25,40.386,-80.763,13,0,0,0
4/2/20 23:25,36.048,-83.451,6,0,0,0
4/2/20 23:25,29.883,-94.164,31,1,0,0
4/2/20 23:25,47.75,-123.561,19,0,0,0
4/2/20 23:25,39.308,-77.86,12,0,0,0
4/2/20 23:25,43.021,-88.775,12,0,0,0
4/2/20 23:25,30.269,-92.812,13,0,0,0
4/2/20 23:25,32.792,-81.96,1,0,0,0
4/2/20 23:25,38.996,-85.627,23,0,0,0
4/2/20 23:25,42.689,-114.266,7,0,0,0
4/2/20 23:25,37.871,-84.583,13,0,0,0
4/2/20 23:25,27.731,-98.09,1,0,0,0
4/2/20 23:25,42.365,-90.211,3,0,0,0
4/2/20 23:25,35.568,-93.46,6,0,0,0
4/2/20 23:25,32.702,-82.662,1,0,0,0
4/2/20 23:25,39.49,-86.101,126,3,0,0
4/2/20 23:25,41.672,-91.588,80,0,0,0
4/2/20 23:25,38.885,-94.823,161,3,0,0
4/2/20 23:25,38.747,-93.807,26,0,0,0
4/2/20 23:25,36.455,-81.849,2,0,0,0
4/2/20 23:25,32.379,-97.366,17,1,0,0
4/2/20 23:25,44.041,-106.585,8,0,0,0
4/2/20 23:25,35.517,-78.366,20,1,0,0
4/2/20 23:25,33.025,-83.56,5,0,0,0
4/2/20 23:25,42.121,-91.131,5,0,0,0
4/2/20 23:25,31.623,-89.169,6,0,0,0
4/2/20 23:25,42.367,-123.556,12,0,0,0
4/2/20 23:25,58.45,-134.2,10,0,0,0
4/2/20 23:25,43.925,-90.111,4,0,0,0
4/2/20 23:25,40.534,-77.4,2,0,0,0
4/2/20 23:25,42.245,-85.53,34,1,0,0
4/2/20 23:25,44.685,-85.091,7,1,0,0
4/2/20 23:25,38.339,-81.529,39,0,0,0
4/2/20 23:25,45.153,-95.006,2,0,0,0
4/2/20 23:25,41.938,-88.429,154,8,0,0
4/2/20 23:25,37.285,-111.886,1,0,0,0
4/2/20 23:25,41.137,-87.862,55,0,0,0
4/2/20 23:25,39.1,-94.579,139,0,0,0
4/2/20 23:25,28.907,-97.86,2,0,0,0
4/2/20 23:25,22.039,-159.597,12,0,0,0
4/2/20 23:25,32.599,-96.287,5,0,0,0
4/2/20 23:25,36.818,-97.144,24,1,0,0
4/2/20 23:25,40.507,-98.949,1,0,0,0
4/2/20 23:25,32.755,-88.641,4,0,0,0
4/2/20 23:25,60.244,-151.539,8,0,0,0
4/2/20 23:25,41.591,-88.429,36,2,0,0
4/2/20 23:25,29.944,-98.711,8,0,0,0
4/2/20 23:25,44.408,-69.767,19,1,0,0
4/2/20 23:25,42.576,-88.041,67,0,0,0
4/2/20 23:25,39.086,-75.569,43,2,0,0
4/2/20 23:25,39.25,-76.047,5,0,0,0
4/2/20 23:25,43.032,-85.549,125,2,0,0
4/2/20 23:25,41.671,-71.576,59,0,0,0
4/2/20 23:25,38.94,-84.532,25,1,0,0
4/2/20 23:25,41.336,-92.179,1,0,0,0
4/2/20 23:25,35.343,-118.728,142,1,0,0
4/2/20 23:25,30.06,-99.349,1,0,0,0
4/2/20 23:25,34.34,-80.588,129,2,0,0
4/2/20 23:25,55.574,-130.976,14,0,0,0
4/2/20 23:25,41.198,-103.715,3,0,0,0
4/2/20 23:25,47.491,-121.835,2656,204,0,0
4/2/20 23:25,38.268,-77.159,4,0,0,0
4/2/20 23:25,37.71,-77.094,1,0,0,0
4/2/20 23:25,37.71,-76.887,1,0,0,0
4/2/20 23:25,35.945,-97.942,2,0,0,0
4/2/20 23:25,36.074,-119.816,5,0,0,0
4/2/20 23:25,44.37,-97.491,0,0,0,0
4/2/20 23:25,34.917,-98.977,1,0,0,0
4/2/20 23:25,39.305,-102.602,4,0,0,0
4/2/20 23:25,47.635,-122.644,83,0,0,0
4/2/20 23:25,47.125,-120.679,10,0,0,0
4/2/20 23:25,42.688,-121.65,8,0,0,0
4/2/20 23:25,27.424,-97.699,2,0,0,0
4/2/20 23:25,45.873,-120.791,9,1,0,0
4/2/20 23:25,40.931,-90.213,1,0,0,0
4/2/20 23:25,38.689,-87.419,4,0,0,0
4/2/20 23:25,44.115,-69.105,7,0,0,0
4/2/20 23:25,42.638,-97.892,2,0,0,0
4/2/20 23:25,40.398,-82.42,5,1,0,0
4/2/20 23:25,35.995,-83.946,92,1,0,0
4/2/20 23:25,48.245,-93.784,1,0,0,0
4/2/20 23:25,47.673,-116.702,31,0,0,0
4/2/20 23:25,41.245,-85.863,5,0,0,0
4/2/20 23:25,43.204,-94.207,1,0,0,0
4/2/20 23:25,43.906,-91.115,19,0,0,0
4/2/20 23:25,33.729,-113.981,2,0,0,0
4/2/20 23:25,37.286,-107.843,23,0,0,0
4/2/20 23:25,41.642,-85.427,2,0,0,0
4/2/20 23:25,41.544,-86.741,14,1,0,0
4/2/20 23:25,41.344,-88.886,6,1,0,0
4/2/20 23:25,31.679,-92.159,2,0,0,0
4/2/20 23:25,37.191,-95.298,1,0,0,0
4/2/20 23:25,44.997,-96.175,1,0,0,0
4/2/20 23:25,41.436,-75.604,108,3,0,0
4/2/20 23:25,30.205,-92.07,247,2,0,0
4/2/20 23:25,34.357,-89.485,16,1,0,0
4/2/20 23:25,39.07,-93.781,20,1,0,0
4/2/20 23:25,29.525,-90.41,158,4,0,0
4/2/20 23:25,39.203,-106.356,2,0,0,0
4/2/20 23:25,28.762,-81.713,82,2,0,0
4/2/20 23:25,42.322,-88.004,540,8,0,0
4/2/20 23:25,41.419,-87.383,215,6,0,0
4/2/20 23:25,47.645,-114.09,4,0,0,0
4/2/20 23:25,41.697,-81.237,62,3,0,0
4/2/20 23:25,44.022,-97.129,1,0,0,0
4/2/20 23:25,33.78,-88.097,1,0,0,0
4/2/20 23:25,33.078,-84.143,7,0,0,0
4/2/20 23:25,31.206,-89.508,8,0,0,0
4/2/20 23:25,33.67,-95.574,3,0,0,0
4/2/20 23:25,34.069,-102.352,1,0,0,0
4/2/20 23:25,44.604,-72.644,14,0,0,0
4/2/20 23:25,40.784,-96.688,12,0,0,0
4/2/20 23:25,40.039,-76.248,203,4,0,0
4/2/20 23:25,34.683,-80.705,26,0,0,0
4/2/20 23:25,37.719,-76.464,1,0,0,0
4/2/20 23:25,43.937,-122.848,21,1,0,0
4/2/20 23:25,31.038,-83.065,1,0,0,0
4/2/20 23:25,43.091,-83.222,21,0,0,0
4/2/20 23:25,41.307,-104.689,36,0,0,0
4/2/20 23:25,40.667,-105.463,107,7,0,0
4/2/20 23:25,37.546,-85.701,1,0,0,0
4/2/20 23:25,46.816,-116.711,1,0,0,0
4/2/20 23:25,34.878,-95.252,2,0,0,0
4/2/20 23:25,34.902,-87.656,14,1,0,0
4/2/20 23:25,32.404,-88.662,46,0,0,0
4/2/20 23:25,35.759,-89.63,2,0,0,0
4/2/20 23:25,37.11,-84.113,2,0,0,0
4/2/20 23:25,32.463,-82.922,14,0,0,0
4/2/20 23:25,34.482,-82.005,4,0,0,0
4/2/20 23:25,29.385,-96.932,1,0,0,0
4/2/20 23:25,34.52,-87.311,5,0,0,0
4/2/20 23:25,36.042,-91.109,1,0,0,0
4/2/20 23:25,38.841,-86.484,12,1,0,0
4/2/20 23:25,38.071,-82.729,1,0,0,0
4/2/20 23:25,31.551,-90.108,5,0,0,0
4/2/20 23:25,38.597,-82.535,2,0,0,0
4/2/20 23:25,40.992,-80.334,16,2,0,0
4/2/20 23:25,44.359,-103.793,9,0,0,0
4/2/20 23:25,35.217,-87.398,2,0,0,0
4/2/20 23:25,34.899,-94.704,1,0,0,0
4/2/20 23:25,44.371,-93.728,18,0,0,0
4/2/20 23:25,32.792,-103.412,2,0,0,0
4/2/20 23:25,32.754,-89.524,6,0,0,0
4/2/20 23:25,39.202,-95.036,27,0,0,0
4/2/20 23:25,40.367,-76.457,45,0,0,0
4/2/20 23:25,32.602,-85.351,103,2,0,0
4/2/20 23:25,34.785,-90.784,1,0,0,0
4/2/20 23:25,26.584,-81.884,275,10,0,0
4/2/20 23:25,31.779,-84.143,100,7,0,0
4/2/20 23:25,34.292,-88.681,24,1,0,0
4/2/20 23:25,35.476,-79.176,3,0,0,0
4/2/20 23:25,34.164,-80.257,8,1,0,0
4/2/20 23:25,30.311,-96.97,1,0,0,0
4/2/20 23:25,36.706,-83.126,2,0,0,0
4/2/20 23:25,44.944,-85.802,1,0,0,0
4/2/20 23:25,33.555,-90.299,20,1,0,0
4/2/20 23:25,40.615,-75.594,479,5,0,0
4/2/20 23:25,41.895,-84.066,24,0,0,0
4/2/20 23:25,35.24,-77.642,5,0,0,0
4/2/20 23:25,30.46,-84.275,35,0,0,0
4/2/20 23:25,31.299,-95.994,2,0,0,0
4/2/20 23:25,29.318,-82.74,2,0,0,0
4/2/20 23:25,38.532,-83.377,1,0,0,0
4/2/20 23:25,43.784,-75.449,2,0,0,0
4/2/20 23:25,35.529,-87.49,2,0,0,0
4/2/20 23:25,46.578,-122.393,10,0,0,0
4/2/20 23:25,47.126,-112.395,13,0,0,0
4/2/20 23:25,33.897,-81.271,70,1,0,0
4/2/20 23:25,31.826,-81.493,7,0,0,0
4/2/20 23:25,48.561,-111.024,1,0,0,0
4/2/20 23:25,30.152,-94.812,3,0,0,0
4/2/20 23:25,40.091,-82.482,30,0,0,0
4/2/20 23:25,34.812,-86.983,23,0,0,0
4/2/20 23:25,31.545,-96.581,3,0,0,0
4/2/20 23:25,33.953,-91.74,6,0,0,0
4/2/20 23:25,38.987,-103.514,1,0,0,0
4/2/20 23:25,33.792,-82.45,5,0,0,0
4/2/20 23:25,43.001,-114.136,5,0,0,0
4/2/20 23:25,32.6,-92.666,13,0,0,0
4/2/20 23:25,44.06,-69.542,8,0,0,0
4/2/20 23:25,44.413,-96.267,1,0,0,0
4/2/20 23:25,31.533,-90.454,14,0,0,0
4/2/20 23:25,39.053,-90.956,12,0,0,0
4/2/20 23:25,48.543,-115.405,6,1,0,0
4/2/20 23:25,41.047,-100.748,11,1,0,0
4/2/20 23:25,35.485,-81.217,8,0,0,0
4/2/20 23:25,35.703,-96.881,6,0,0,0
4/2/20 23:25,44.643,-123.87,4,0,0,0
4/2/20 23:25,43.278,-96.72,17,0,0,0
4/2/20 23:25,35.137,-86.589,2,0,0,0
4/2/20 23:25,47.577,-118.419,1,0,0,0
4/2/20 23:25,42.079,-91.598,103,4,0,0
4/2/20 23:25,38.213,-94.843,6,0,0,0
4/2/20 23:25,44.489,-122.537,37,2,0,0
4/2/20 23:25,41.794,-73.245,141,2,0,0
4/2/20 23:25,28.351,-98.125,3,0,0,0
4/2/20 23:25,40.892,-88.558,5,0,0,0
4/2/20 23:25,30.441,-90.731,33,0,0,0
4/2/20 23:25,42.603,-83.913,113,2,0,0
4/2/20 23:25,39.781,-93.546,1,0,0,0
4/2/20 23:25,42.726,-77.78,18,1,0,0
4/2/20 23:25,30.706,-98.685,3,0,0,0
4/2/20 23:25,40.725,-103.111,6,0,0,0
4/2/20 23:25,40.126,-89.366,1,0,0,0
4/2/20 23:25,36.859,-86.878,3,0,0,0
4/2/20 23:25,40.39,-83.768,3,0,0,0
4/2/20 23:25,35.919,-97.444,5,0,0,0
4/2/20 23:25,37.83,-81.935,4,0,0,0
4/2/20 23:25,31.752,-81.75,1,0,0,0
4/2/20 23:25,34.754,-91.887,7,0,0,0
4/2/20 23:25,41.296,-82.151,90,2,0,0
4/2/20 23:25,34.308,-118.228,4045,78,0,0
4/2/20 23:25,35.739,-84.311,9,0,0,0
4/2/20 23:25,39.09,-77.635,121,1,0,0
4/2/20 23:25,37.979,-77.963,12,0,0,0
4/2/20 23:25,33.953,-97.239,2,0,0,0
4/2/20 23:25,32.16,-86.652,2,0,0,0
4/2/20 23:25,30.836,-83.271,25,1,0,0
4/2/20 23:25,33.474,-88.442,10,0,0,0
4/2/20 23:25,33.61,-101.82,108,2,0,0
4/2/20 23:25,41.621,-83.655,206,3,0,0
4/2/20 23:25,34.573,-84.004,7,0,0,0
4/2/20 23:25,41.178,-75.984,384,5,0,0
4/2/20 23:25,41.343,-77.066,7,0,0,0
4/2/20 23:25,43.895,-99.852,1,0,0,0
4/2/20 23:25,37.4,-79.199,9,0,0,0
4/2/20 23:25,33.177,-101.816,3,0,0,0
4/2/20 23:25,38.456,-96.153,16,0,0,0
4/2/20 23:25,37.021,-88.079,1,0,0,0
4/2/20 23:25,44.413,-95.838,3,0,0,0
4/2/20 23:25,39.018,-119.187,1,0,0,0
4/2/20 23:25,46.07,-85.05,1,0,0,0
4/2/20 23:25,42.692,-82.928,1332,58,0,0
4/2/20 23:25,32.388,-85.693,5,0,0,0
4/2/20 23:25,32.352,-84.042,2,0,0,0
4/2/20 23:25,39.861,-88.963,2,0,0,0
4/2/20 23:25,39.83,-92.565,3,0,0,0
4/2/20 23:25,35.149,-83.417,1,0,0,0
4/2/20 23:25,36.532,-86.008,5,0,0,0
4/2/20 23:25,39.261,-89.924,1,0,0,0
4/2/20 23:25,37.215,-119.767,25,1,0,0
4/2/20 23:25,34.763,-86.551,132,1,0,0
4/2/20 23:25,30.444,-83.474,2,0,0,0
4/2/20 23:25,34.129,-83.212,4,1,0,0
4/2/20 23:25,43.781,-111.654,4,0,0,0
4/2/20 23:25,38.83,-89.904,29,0,0,0
4/2/20 23:25,40.161,-85.72,62,3,0,0
4/2/20 23:25,41.331,-94.016,1,0,0,0
4/2/20 23:25,37.717,-84.272,10,0,0,0
4/2/20 23:25,32.369,-91.24,1,0,0,0
4/2/20 23:25,32.634,-90.035,55,0,0,0
4/2/20 23:25,45.301,-111.917,6,2,0,0
4/2/20 23:25,41.917,-97.601,4,0,0,0
4/2/20 23:25,42.917,-75.673,68,2,0,0
4/2/20 23:25,39.894,-83.402,11,2,0,0
4/2/20 23:25,35.612,-88.841,13,0,0,0
4/2/20 23:25,38.415,-78.282,3,0,0,0
4/2/20 23:25,41.335,-92.641,3,0,0,0
4/2/20 23:25,47.326,-95.809,1,0,0,0
4/2/20 23:25,41.016,-80.773,192,11,0,0
4/2/20 23:25,43.194,-117.623,1,0,0,0
4/2/20 23:25,38.746,-77.485,12,0,0,0
4/2/20 23:25,38.771,-77.444,1,0,0,0
4/2/20 23:25,27.472,-82.318,89,3,0,0
4/2/20 23:25,44.334,-86.056,1,0,0,0
4/2/20 23:25,44.898,-89.759,8,0,0,0
4/2/20 23:25,32.248,-87.788,6,0,0,0
4/2/20 23:25,33.348,-112.492,961,12,0,0
4/2/20 23:25,38.162,-91.922,2,0,0,0
4/2/20 23:25,38.071,-122.721,108,6,0,0
4/2/20 23:25,45.386,-88.033,2,0,0,0
4/2/20 23:25,34.137,-87.887,13,2,0,0
4/2/20 23:25,29.212,-82.058,33,0,0,0
4/2/20 23:25,38.65,-88.919,2,0,0,0
4/2/20 23:25,39.782,-86.138,1304,24,0,0
4/2/20 23:25,37.552,-85.269,1,0,0,0
4/2/20 23:25,31.231,-89.821,5,0,0,0
4/2/20 23:25,40.586,-83.157,10,0,0,0
4/2/20 23:25,44.903,-122.582,164,4,0,0
4/2/20 23:25,34.079,-79.364,2,1,0,0
4/2/20 23:25,35.13,-85.623,13,1,0,0
4/2/20 23:25,39.51,-80.242,10,1,0,0
4/2/20 23:25,34.599,-79.676,3,0,0,0
4/2/20 23:25,46.434,-87.64,5,0,0,0
4/2/20 23:25,43.819,-89.401,2,0,0,0
4/2/20 23:25,34.37,-86.305,7,0,0,0
4/2/20 23:25,41.033,-89.345,1,0,0,0
4/2/20 23:25,41.325,-86.262,4,0,0,0
4/2/20 23:25,42.036,-92.999,9,0,0,0
4/2/20 23:25,36.88,-88.328,1,0,0,0
4/2/20 23:25,34.762,-89.503,18,0,0,0
4/2/20 23:25,45.759,-97.599,1,0,0,0
4/2/20 23:25,35.458,-86.764,2,0,0,0
4/2/20 23:25,39.861,-80.666,4,0,0,0
4/2/20 23:25,27.077,-80.431,34,0,0,0
4/2/20 23:25,37.8,-82.512,1,0,0,0
4/2/20 23:25,43.674,-94.551,29,2,0,0
4/2/20 23:25,35.843,-77.109,3,0,0,0
4/2/20 23:25,32.306,-101.951,1,0,0,0
4/2/20 23:25,38.595,-83.822,1,0,0,0
4/2/20 23:25,47.35,-123.186,11,0,0,0
4/2/20 23:25,38.771,-82.025,3,0,0,0
4/2/20 23:25,37.221,-88.71,1,0,0,0
4/2/20 23:25,28.82,-96.012,32,1,0,0
4/2/20 23:25,62.313,-149.574,4,0,0,0
4/2/20 23:25,37.442,-76.341,2,0,0,0
4/2/20 23:25,20.864,-156.569,26,0,0,0
4/2/20 23:25,35.619,-87.075,18,0,0,0
4/2/20 23:25,28.743,-100.316,3,0,0,0
4/2/20 23:25,36.302,-95.232,5,1,0,0
4/2/20 23:25,35.011,-97.446,11,0,0,0
4/2/20 23:25,43.674,-97.369,2,0,0,0
4/2/20 23:25,33.902,-82.308,1,0,0,0
4/2/20 23:25,37.054,-88.704,8,0,0,0
4/2/20 23:25,36.739,-84.481,1,0,0,0
4/2/20 23:25,36.629,-94.349,2,0,0,0
4/2/20 23:25,35.677,-82.048,8,0,0,0
4/2/20 23:25,33.479,-82.483,4,1,0,0
4/2/20 23:25,42.325,-88.452,81,3,0,0
4/2/20 23:25,48.231,-100.632,1,1,0,0
4/2/20 23:25,0.0,0.0,1,0,0,0
4/2/20 23:25,46.112,-99.441,1,0,0,0
4/2/20 23:25,41.809,-78.565,1,0,0,0
4/2/20 23:25,47.741,-103.396,2,0,0,0
4/2/20 23:25,35.58,-108.262,29,0,0,0
4/2/20 23:25,40.49,-88.846,32,2,0,0
4/2/20 23:25,37.53,-87.268,1,0,0,0
4/2/20 23:25,47.608,-101.318,2,0,0,0
4/2/20 23:25,31.553,-97.202,48,1,0,0
4/2/20 23:25,35.428,-84.615,3,0,0,0
4/2/20 23:25,35.175,-88.565,3,0,0,0
4/2/20 23:25,38.392,-97.648,5,0,0,0
4/2/20 23:25,44.567,-102.716,1,0,0,0
4/2/20 23:25,46.599,-110.89,1,0,0,0
4/2/20 23:25,35.245,-80.832,533,3,0,0
4/2/20 23:25,36.679,-78.361,5,0,0,0
4/2/20 23:25,43.641,-85.325,3,1,0,0
4/2/20 23:25,41.118,-81.9,68,1,0,0
4/2/20 23:25,29.356,-99.11,3,0,0,0
4/2/20 23:25,45.123,-94.528,1,0,0,0
4/2/20 23:25,35.516,-84.815,2,0,0,0
4/2/20 23:25,40.027,-89.802,1,0,0,0
4/2/20 23:25,39.438,-123.391,4,0,0,0
4/2/20 23:25,37.941,-83.6,2,0,0,0
4/2/20 23:25,45.004,-88.71,1,0,0,0
4/2/20 23:25,37.189,-120.721,12,0,0,0
4/2/20 23:25,41.206,-90.743,1,0,0,0
4/2/20 23:25,37.815,-84.875,2,0,0,0
4/2/20 23:25,40.28,-74.705,386,4,0,0
4/2/20 23:25,47.312,-101.832,0,0,0,0
4/2/20 23:25,40.54,-84.629,5,0,0,0
4/2/20 23:25,41.302,-80.258,9,0,0,0
4/2/20 23:25,37.405,-81.11,3,0,0,0
4/2/20 23:25,33.042,-84.689,9,0,0,0
4/2/20 23:25,43.297,-71.681,33,0,0,0
4/2/20 23:25,39.018,-108.47,14,0,0,0
4/2/20 23:25,40.769,-86.045,4,0,0,0
4/2/20 23:25,40.054,-84.229,62,8,0,0
4/2/20 23:25,25.611,-80.552,2886,20,0,0
4/2/20 23:25,41.459,-72.537,74,3,0,0
4/2/20 23:25,42.486,-71.39,1870,28,0,0
4/2/20 23:25,40.436,-74.414,1766,48,0,0
4/2/20 23:25,43.643,-84.388,15,0,0,0
4/2/20 23:25,31.869,-102.032,16,1,0,0
4/2/20 23:25,40.611,-77.611,1,0,0,0
4/2/20 23:25,30.786,-96.977,2,0,0,0
4/2/20 23:25,33.314,-93.893,7,0,0,0
4/2/20 23:25,31.166,-84.732,4,0,0,0
4/2/20 23:25,43.005,-87.967,869,16,0,0
4/2/20 23:25,37.67,-106.928,2,0,0,0
4/2/20 23:25,42.855,-113.636,1,0,0,0
4/2/20 23:25,43.674,-96.791,54,0,0,0
4/2/20 23:25,44.338,-85.093,1,1,0,0
4/2/20 23:25,47.037,-113.921,17,0,0,0
4/2/20 23:25,31.225,-84.194,39,1,0,0
4/2/20 23:25,43.356,-92.789,2,0,0,0
4/2/20 23:25,39.393,-98.209,2,0,0,0
4/2/20 23:25,36.011,-82.158,1,0,0,0
4/2/20 23:25,30.785,-88.208,72,3,0,0
4/2/20 23:25,40.618,-108.207,4,0,0,0
4/2/20 23:25,35.705,-113.758,8,0,0,0
4/2/20 23:25,38.636,-92.58,2,0,0,0
4/2/20 23:25,40.265,-74.222,1458,38,0,0
4/2/20 23:25,37.939,-118.887,18,1,0,0
4/2/20 23:25,42.052,-95.957,5,0,0,0
4/2/20 23:25,39.632,-80.048,35,0,0,0
4/2/20 23:25,31.567,-87.37,4,0,0,0
4/2/20 23:25,25.209,-81.078,38,0,0,0
4/2/20 23:25,33.014,-83.921,6,0,0,0
4/2/20 23:25,38.276,-90.178,4,0,0,0
4/2/20 23:25,39.161,-86.524,36,0,0,0
4/2/20 23:25,41.927,-83.537,79,0,0,0
4/2/20 23:25,33.892,-88.481,11,0,0,0
4/2/20 23:25,43.146,-77.693,420,9,0,0
4/2/20 23:25,41.059,-75.34,321,10,0,0
4/2/20 23:25,35.446,-84.249,5,0,0,0
4/2/20 23:25,43.946,-90.619,3,0,0,0
4/2/20 23:25,33.675,-97.725,1,0,0,0
4/2/20 23:25,43.311,-85.153,10,0,0,0
4/2/20 23:25,36.219,-121.241,48,2,0,0
4/2/20 23:25,37.339,-108.596,1,0,0,0
4/2/20 23:25,32.221,-86.21,47,1,0,0
4/2/20 23:25,39.232,-89.478,2,0,0,0
4/2/20 23:25,40.04,-86.893,10,0,0,0
4/2/20 23:25,41.03,-95.156,1,0,0,0
4/2/20 23:25,37.192,-95.743,6,0,0,0
4/2/20 23:25,38.033,-83.915,2,0,0,0
4/2/20 23:25,39.137,-77.204,498,6,0,0
4/2/20 23:25,33.494,-89.617,8,1,0,0
4/2/20 23:25,38.94,-91.47,2,0,0,0
4/2/20 23:25,42.901,-74.44,8,0,0,0
4/2/20 23:25,35.332,-79.904,6,1,0,0
4/2/20 23:25,39.754,-84.291,49,2,0,0
4/2/20 23:25,40.211,-75.367,735,9,0,0
4/2/20 23:25,36.496,-87.386,37,0,0,0
4/2/20 23:25,30.301,-95.506,119,3,0,0
4/2/20 23:25,37.177,-80.379,1,0,0,0
4/2/20 23:25,41.03,-76.663,15,0,0,0
4/2/20 23:25,38.402,-108.264,13,0,0,0
4/2/20 23:25,35.309,-79.485,11,0,0,0
4/2/20 23:25,35.838,-101.893,6,0,0,0
4/2/20 23:25,32.817,-91.804,4,0,0,0
4/2/20 23:25,34.455,-86.855,23,0,0,0
4/2/20 23:25,40.263,-103.809,5,0,0,0
4/2/20 23:25,33.592,-83.491,2,0,0,0
4/2/20 23:25,39.717,-90.203,5,1,0,0
4/2/20 23:25,39.479,-86.446,48,1,0,0
4/2/20 23:25,38.418,-92.888,1,0,0,0
4/2/20 23:25,36.132,-84.649,1,0,0,0
4/2/20 23:25,39.554,-78.263,1,0,0,0
4/2/20 23:25,38.688,-96.651,2,0,0,0
4/2/20 23:25,40.861,-74.546,1082,40,0,0
4/2/20 23:25,33.113,-94.733,1,0,0,0
4/2/20 23:25,40.524,-82.789,1,0,0,0
4/2/20 23:25,45.418,-119.585,1,0,0,0
4/2/20 23:25,46.717,-101.282,14,1,0,0
4/2/20 23:25,39.642,-88.621,1,0,0,0
4/2/20 23:25,48.202,-102.356,8,0,0,0
4/2/20 23:25,43.671,-92.752,15,0,0,0
4/2/20 23:25,37.214,-87.146,10,0,0,0
4/2/20 23:25,45.547,-122.417,160,3,0,0
4/2/20 23:25,34.789,-84.75,6,0,0,0
4/2/20 23:25,41.484,-91.112,19,0,0,0
4/2/20 23:25,32.509,-84.871,25,0,0,0
4/2/20 23:25,43.291,-86.152,26,2,0,0
4/2/20 23:25,39.966,-81.944,3,0,0,0
4/2/20 23:25,35.613,-95.378,15,2,0,0
4/2/20 23:25,46.497,-108.395,1,0,0,0
4/2/20 23:25,31.62,-94.618,5,0,0,0
4/2/20 23:25,38.507,-122.333,18,1,0,0
4/2/20 23:25,35.966,-77.984,11,0,0,0
4/2/20 23:25,30.61,-81.803,16,0,0,0
4/2/20 23:25,40.741,-73.589,10587,76,0,0
4/2/20 23:25,31.723,-93.098,4,0,0,0
4/2/20 23:25,42.962,-106.798,19,0,0,0
4/2/20 23:25,35.4,-110.322,198,1,0,0
4/2/20 23:25,32.046,-96.474,4,0,0,0
4/2/20 23:25,37.803,-85.466,3,0,0,0
4/2/20 23:25,37.788,-78.885,2,0,0,0
4/2/20 23:25,40.385,-95.854,1,0,0,0
4/2/20 23:25,37.559,-95.307,1,0,0,0
4/2/20 23:25,32.753,-89.117,4,0,0,0
4/2/20 23:25,33.663,-93.306,1,0,0,0
4/2/20 23:25,39.304,-120.763,26,0,0,0
4/2/20 23:25,39.58,-75.641,245,7,0,0
4/2/20 23:25,34.258,-77.871,42,0,0,0
4/2/20 23:25,41.408,-72.936,647,17,0,0
4/2/20 23:25,37.507,-76.998,3,0,0,0
4/2/20 23:25,41.489,-72.104,29,1,0,0
4/2/20 23:25,36.597,-89.661,1,0,0,0
4/2/20 23:25,40.767,-73.972,51809,1397,0,0
4/2/20 23:25,43.554,-85.801,2,0,0,0
4/2/20 23:25,34.286,-81.599,4,0,0,0
4/2/20 23:25,41.564,-71.266,33,0,0,0
4/2/20 23:25,37.082,-76.518,33,1,0,0
4/2/20 23:25,35.919,-93.216,1,0,0,0
4/2/20 23:25,33.555,-83.845,36,0,0,0
4/2/20 23:25,40.956,-87.396,1,0,0,0
4/2/20 23:25,32.4,-89.118,4,0,0,0
4/2/20 23:25,36.905,-94.339,6,0,0,0
4/2/20 23:25,30.785,-93.744,1,0,0,0
4/2/20 23:25,46.326,-116.75,14,2,0,0
4/2/20 23:25,43.199,-78.748,91,0,0,0
4/2/20 23:25,38.333,-84.019,1,0,0,0
4/2/20 23:25,44.353,-94.247,3,0,0,0
4/2/20 23:25,41.397,-85.42,3,0,0,0
4/2/20 23:25,36.39,-97.229,5,0,0,0
4/2/20 23:25,42.161,-71.205,938,21,0,0
4/2/20 23:25,36.899,-76.264,37,0,0,0
4/2/20 23:25,36.417,-77.398,30,1,0,0
4/2/20 23:25,40.752,-75.305,378,9,0,0
4/2/20 23:25,37.341,-75.878,1,0,0,0
4/2/20 23:25,40.848,-76.708,8,0,0,0
4/2/20 23:25,37.892,-76.419,3,0,0,0
4/2/20 23:25,37.144,-78.051,1,0,0,0
4/2/20 23:25,36.798,-95.619,6,0,0,0
4/2/20 23:25,33.11,-88.569,4,0,0,0
4/2/20 23:25,27.736,-97.543,40,0,0,0
4/2/20 23:25,38.043,-116.472,4,0,0,0
4/2/20 23:25,43.083,-95.625,2,0,0,0
4/2/20 23:25,42.661,-83.386,2183,119,0,0
4/2/20 23:25,36.357,-89.149,2,0,0,0
4/2/20 23:25,39.89,-74.281,1371,38,0,0
4/2/20 23:25,43.641,-86.267,2,0,0,0
4/2/20 23:25,33.837,-83.437,18,0,0,0
4/2/20 23:25,34.752,-83.067,5,0,0,0
4/2/20 23:25,45.027,-88.268,1,0,0,0
4/2/20 23:25,44.335,-84.127,2,0,0,0
4/2/20 23:25,42.042,-89.322,1,0,0,0
4/2/20 23:25,33.879,-83.083,1,1,0,0
4/2/20 23:25,38.955,-84.965,1,0,0,0
4/2/20 23:25,40.096,-80.622,10,0,0,0
4/2/20 23:25,30.691,-86.593,51,1,0,0
4/2/20 23:25,48.549,-119.739,3,0,0,0
4/2/20 23:25,27.386,-80.889,1,0,0,0
4/2/20 23:25,35.551,-97.407,216,10,0,0
4/2/20 23:25,35.647,-95.964,5,0,0,0
4/2/20 23:25,33.425,-88.879,20,0,0,0
4/2/20 23:25,38.398,-85.448,6,0,0,0
4/2/20 23:25,35.404,-102.603,2,1,0,0
4/2/20 23:25,47.115,-101.341,1,0,0,0
4/2/20 23:25,44.004,-92.402,66,0,0,0
4/2/20 23:25,43.244,-75.437,61,1,0,0
4/2/20 23:25,45.707,-89.519,3,0,0,0
4/2/20 23:25,43.005,-76.2,301,2,0,0
4/2/20 23:25,34.726,-77.429,8,1,0,0
4/2/20 23:25,42.851,-77.309,26,0,0,0
4/2/20 23:25,33.701,-117.765,656,13,0,0
4/2/20 23:25,28.514,-81.318,541,5,0,0
4/2/20 23:25,38.541,-86.495,3,0,0,0
4/2/20 23:25,41.403,-74.302,1993,19,0,0
4/2/20 23:25,36.061,-79.122,37,0,0,0
4/2/20 23:25,30.119,-93.894,7,0,0,0
4/2/20 23:25,44.005,-72.376,4,0,0,0
4/2/20 23:25,38.245,-78.016,4,0,0,0
4/2/20 23:25,33.439,-80.799,24,0,0,0
4/2/20 23:25,30.07,-89.927,3148,125,0,0
4/2/20 23:25,43.252,-78.232,6,0,0,0
4/2/20 23:25,44.83,-72.246,7,0,0,0
4/2/20 23:25,38.652,-95.727,3,0,0,0
4/2/20 23:25,38.46,-91.861,2,0,0,0
4/2/20 23:25,36.629,-96.396,22,1,0,0
4/2/20 23:25,28.063,-81.149,170,4,0,0
4/2/20 23:25,43.99,-85.326,3,0,0,0
4/2/20 23:25,44.682,-84.129,2,0,0,0
4/2/20 23:25,43.428,-76.146,23,0,0,0
4/2/20 23:25,37.901,-103.717,3,0,0,0
4/2/20 23:25,32.613,-105.742,1,0,0,0
4/2/20 23:25,40.648,-96.134,1,0,0,0
4/2/20 23:25,45.021,-84.599,19,0,0,0
4/2/20 23:25,42.635,-75.032,21,1,0,0
4/2/20 23:25,39.132,-97.65,1,0,0,0
4/2/20 23:25,42.96,-85.997,35,0,0,0
4/2/20 23:25,41.538,-83.094,5,0,0,0
4/2/20 23:25,36.835,-94.81,8,0,0,0
4/2/20 23:25,46.408,-95.708,1,0,0,0
4/2/20 23:25,32.476,-92.157,94,1,0,0
4/2/20 23:25,0.0,0.0,0,1,0,0
4/2/20 23:25,0.0,0.0,48,1,0,0
4/2/20 23:25,0.0,0.0,2,0,0,0
4/2/20 23:25,0.0,0.0,243,1,0,0
4/2/20 23:25,0.0,0.0,22,0,0,0
4/2/20 23:25,44.416,-88.466,14,0,0,0
4/2/20 23:25,36.341,-85.29,2,0,0,0
4/2/20 23:25,39.311,-86.839,12,0,0,0
4/2/20 23:25,42.58,-116.169,1,0,0,0
4/2/20 23:25,44.5,-70.757,9,0,0,0
4/2/20 23:25,43.384,-87.946,47,5,0,0
4/2/20 23:25,40.739,-95.15,2,0,0,0
4/2/20 23:25,38.618,-78.488,1,0,0,0
4/2/20 23:25,26.647,-80.465,737,27,0,0
4/2/20 23:25,32.753,-98.313,1,0,0,0
4/2/20 23:25,35.153,-76.666,2,0,0,0
4/2/20 23:25,34.364,-89.951,8,1,0,0
4/2/20 23:25,32.164,-94.306,3,0,0,0
4/2/20 23:25,39.121,-105.718,3,0,0,0
4/2/20 23:25,45.49,-110.526,6,0,0,0
4/2/20 23:25,44.522,-109.585,1,0,0,0
4/2/20 23:25,32.778,-97.805,4,0,0,0
4/2/20 23:25,28.308,-82.402,66,2,0,0
4/2/20 23:25,36.267,-76.251,7,0,0,0
4/2/20 23:25,41.032,-74.3,1750,22,0,0
4/2/20 23:25,33.92,-84.868,33,0,0,0
4/2/20 23:25,36.317,-96.703,15,1,0,0
4/2/20 23:25,44.005,-116.765,3,0,0,0
4/2/20 23:25,36.077,-96.976,18,0,0,0
4/2/20 23:25,32.569,-83.829,7,1,0,0
4/2/20 23:25,30.771,-89.587,36,0,0,0
4/2/20 23:25,36.213,-89.787,3,0,0,0
4/2/20 23:25,38.696,-84.356,1,0,0,0
4/2/20 23:25,44.003,-102.824,6,1,0,0
4/2/20 23:25,45.402,-68.65,16,0,0,0
4/2/20 23:25,40.787,-89.761,11,0,0,0
4/2/20 23:25,36.178,-76.406,1,0,0,0
4/2/20 23:25,34.946,-92.944,1,0,0,0
4/2/20 23:25,31.172,-88.993,6,1,0,0
4/2/20 23:25,37.707,-89.827,19,0,0,0
4/2/20 23:25,39.735,-82.238,2,0,0,0
4/2/20 23:25,40.402,-77.263,3,0,0,0
4/2/20 23:25,35.637,-87.861,2,0,0,0
4/2/20 23:25,36.39,-78.972,2,0,0,0
4/2/20 23:25,37.205,-77.394,4,0,0,0
4/2/20 23:25,38.728,-93.285,1,0,0,0
4/2/20 23:25,40.003,-75.138,2100,13,0,0
4/2/20 23:25,40.594,-102.358,1,0,0,0
4/2/20 23:25,40.014,-88.593,1,0,0,0
4/2/20 23:25,39.642,-83.024,11,0,0,0
4/2/20 23:25,33.281,-88.088,9,0,0,0
4/2/20 23:25,34.466,-84.464,8,1,0,0
4/2/20 23:25,34.888,-82.728,15,0,0,0
4/2/20 23:25,31.359,-82.216,10,0,0,0
4/2/20 23:25,48.25,-99.964,2,0,0,0
4/2/20 23:25,47.039,-122.141,498,10,0,0
4/2/20 23:25,44.719,-92.422,7,0,0,0
4/2/20 23:25,31.804,-85.941,6,0,0,0
4/2/20 23:25,34.163,-93.658,1,0,0,0
4/2/20 23:25,33.093,-84.388,2,0,0,0
4/2/20 23:25,31.175,-90.404,21,0,0,0
4/2/20 23:25,39.343,-91.17,1,0,0,0
4/2/20 23:25,39.076,-83.068,1,0,0,0
4/2/20 23:25,41.332,-75.032,68,1,0,0
4/2/20 23:25,32.097,-111.789,237,11,0,0
4/2/20 23:25,32.905,-111.345,69,0,0,0
4/2/20 23:25,27.931,-82.722,273,6,0,0
4/2/20 23:25,39.217,-106.931,33,2,0,0
4/2/20 23:25,35.595,-77.374,29,0,0,0
4/2/20 23:25,34.921,-95.751,2,0,0,0
4/2/20 23:25,36.82,-79.397,1,0,0,0
4/2/20 23:25,39.062,-120.724,90,2,0,0
4/2/20 23:25,29.422,-89.603,68,3,0,0
4/2/20 23:25,39.382,-94.771,13,0,0,0
4/2/20 23:25,41.572,-97.521,3,0,0,0
4/2/20 23:25,39.371,-81.168,1,0,0,0
4/2/20 23:25,40.004,-120.84,1,0,0,0
4/2/20 23:25,41.941,-70.808,621,6,0,0
4/2/20 23:25,35.574,-90.663,5,0,0,0
4/2/20 23:25,30.714,-91.602,12,0,0,0
4/2/20 23:25,34.483,-94.227,5,0,0,0
4/2/20 23:25,27.95,-81.697,103,2,0,0
4/2/20 23:25,34.003,-85.187,16,0,0,0
4/2/20 23:25,41.687,-93.578,87,1,0,0
4/2/20 23:25,35.278,-82.168,4,0,0,0
4/2/20 23:25,44.903,-123.413,18,0,0,0
4/2/20 23:25,35.122,-84.521,1,0,0,0
4/2/20 23:25,30.795,-94.828,4,0,0,0
4/2/20 23:25,34.226,-89.036,10,0,0,0
4/2/20 23:25,34.73,-96.683,5,0,0,0
4/2/20 23:25,35.449,-93.032,6,0,0,0
4/2/20 23:25,37.143,-76.358,3,0,0,0
4/2/20 23:25,41.168,-81.197,59,2,0,0
4/2/20 23:25,44.476,-89.502,2,0,0,0
4/2/20 23:25,41.46,-87.068,35,0,0,0
4/2/20 23:25,36.859,-76.36,16,0,0,0
4/2/20 23:25,38.021,-87.865,4,0,0,0
4/2/20 23:25,39.379,-96.346,2,0,0,0
4/2/20 23:25,35.206,-96.949,9,0,0,0
4/2/20 23:25,41.336,-95.539,5,0,0,0
4/2/20 23:25,41.745,-77.896,2,0,0,0
4/2/20 23:25,35.401,-101.894,16,0,0,0
4/2/20 23:25,37.832,-83.826,1,0,0,0
4/2/20 23:25,41.686,-92.532,7,1,0,0
4/2/20 23:25,37.55,-77.913,3,0,0,0
4/2/20 23:25,37.648,-98.739,1,0,0,0
4/2/20 23:25,39.742,-84.648,1,0,0,0
4/2/20 23:25,34.618,-88.52,4,0,0,0
4/2/20 23:25,39.468,-79.667,3,0,0,0
4/2/20 23:25,37.226,-78.436,2,0,0,0
4/2/20 23:25,37.185,-77.229,8,0,0,0
4/2/20 23:25,38.831,-76.85,473,9,0,0
4/2/20 23:25,38.709,-77.487,117,1,0,0
4/2/20 23:25,41.871,-71.578,418,0,0,0
4/2/20 23:25,38.174,-104.513,22,2,0,0
4/2/20 23:25,34.771,-92.314,115,2,0,0
4/2/20 23:25,32.233,-83.475,4,0,0,0
4/2/20 23:25,37.105,-84.576,8,0,0,0
4/2/20 23:25,37.825,-92.208,8,0,0,0
4/2/20 23:25,29.608,-81.742,14,0,0,0
4/2/20 23:25,33.321,-83.376,2,0,0,0
4/2/20 23:25,39.664,-86.845,11,1,0,0
4/2/20 23:25,41.426,-73.75,216,0,0,0
4/2/20 23:25,36.14,-85.506,37,0,0,0
4/2/20 23:25,38.508,-81.908,5,0,0,0
4/2/20 23:25,39.062,-76.035,8,0,0,0
4/2/20 23:25,34.252,-90.289,4,0,0,0
4/2/20 23:25,34.884,-83.403,2,0,0,0
4/2/20 23:25,42.748,-88.059,35,0,0,0
4/2/20 23:25,37.122,-80.56,1,0,0,0
4/2/20 23:25,37.769,-81.246,3,0,0,0
4/2/20 23:25,39.528,-91.518,1,0,0,0
4/2/20 23:25,45.016,-93.099,67,2,0,0
4/2/20 23:25,48.269,-98.722,3,0,0,0
4/2/20 23:25,34.966,-101.897,17,0,0,0
4/2/20 23:25,33.295,-85.457,7,0,0,0
4/2/20 23:25,36.342,-91.025,1,0,0,0
4/2/20 23:25,31.766,-84.757,4,0,0,0
4/2/20 23:25,38.051,-89.825,8,0,0,0
4/2/20 23:25,40.157,-85.011,3,0,0,0
4/2/20 23:25,39.44,-92.497,2,0,0,0
4/2/20 23:25,35.71,-79.806,19,0,0,0
4/2/20 23:25,38.77,-79.879,2,0,0,0
4/2/20 23:25,32.265,-89.945,50,1,0,0
4/2/20 23:25,31.198,-92.53,77,3,0,0
4/2/20 23:25,46.085,-114.119,1,0,0,0
4/2/20 23:25,39.354,-93.989,1,0,0,0
4/2/20 23:25,32.095,-93.342,1,0,0,0
4/2/20 23:25,37.952,-98.086,8,0,0,0
4/2/20 23:25,42.713,-73.511,60,0,0,0
4/2/20 23:25,44.728,-94.946,2,0,0,0
4/2/20 23:25,37.361,-90.97,2,0,0,0
4/2/20 23:25,35.605,-84.931,0,0,0,0
4/2/20 23:25,44.354,-93.297,3,0,0,0
4/2/20 23:25,32.414,-91.766,4,0,0,0
4/2/20 23:25,40.772,-82.538,8,0,0,0
4/2/20 23:25,34.018,-80.903,200,3,0,0
4/2/20 23:25,43.376,-90.43,2,0,0,0
4/2/20 23:25,33.358,-82.07,41,1,0,0
4/2/20 23:25,37.533,-77.48,52,0,0,0
4/2/20 23:25,39.289,-96.734,6,0,0,0
4/2/20 23:25,36.511,-106.693,4,0,0,0
4/2/20 23:25,37.584,-106.385,5,0,0,0
4/2/20 23:25,39.102,-85.262,39,1,0,0
4/2/20 23:25,36.655,-90.86,2,0,0,0
4/2/20 23:25,33.743,-115.993,493,14,0,0
4/2/20 23:25,35.849,-84.525,3,0,0,0
4/2/20 23:25,38.716,-81.352,2,0,0,0
4/2/20 23:25,37.269,-80.064,4,0,0,0
4/2/20 23:25,37.278,-79.962,9,0,0,0
4/2/20 23:25,45.63,-96.947,2,0,0,0
4/2/20 23:25,36.525,-86.873,41,0,0,0
4/2/20 23:25,31.025,-96.513,2,0,0,0
4/2/20 23:25,34.642,-79.103,3,0,0,0
4/2/20 23:25,42.672,-89.071,19,1,0,0
4/2/20 23:25,41.466,-90.57,21,0,0,0
4/2/20 23:25,37.812,-79.446,2,0,0,0
4/2/20 23:25,37.366,-84.312,1,0,0,0
4/2/20 23:25,33.651,-84.022,54,2,0,0
4/2/20 23:25,42.985,-71.129,170,1,0,0
4/2/20 23:25,36.396,-79.775,2,1,0,0
4/2/20 23:25,38.51,-78.873,11,0,0,0
4/2/20 23:25,41.15,-74.026,3751,18,0,0
4/2/20 23:25,32.898,-96.408,10,0,0,0
4/2/20 23:25,36.37,-95.604,8,0,0,0
4/2/20 23:25,48.772,-99.841,0,0,0,0
4/2/20 23:25,48.296,-105.008,1,0,0,0
4/2/20 23:25,34.021,-103.48,1,0,0,0
4/2/20 23:25,44.335,-84.611,1,0,0,0
4/2/20 23:25,39.337,-83.06,3,0,0,0
4/2/20 23:25,40.486,-106.991,19,0,0,0
4/2/20 23:25,35.64,-80.524,31,1,0,0
4/2/20 23:25,39.62,-85.466,7,0,0,0
4/2/20 23:25,32.108,-94.762,6,0,0,0
4/2/20 23:25,32.287,-85.184,4,0,0,0
4/2/20 23:25,35.401,-81.921,9,0,0,0
4/2/20 23:25,35.846,-86.411,113,1,0,0
4/2/20 23:25,43.577,-73.037,12,0,0,0
4/2/20 23:25,31.564,-93.554,4,0,0,0
4/2/20 23:25,38.451,-121.343,314,9,0,0
4/2/20 23:25,43.954,-69.851,10,0,0,0
4/2/20 23:25,43.334,-84.051,82,0,0,0
4/2/20 23:25,38.081,-106.282,1,0,0,0
4/2/20 23:25,39.587,-75.347,20,1,0,0
4/2/20 23:25,37.284,-80.062,1,0,0,0
4/2/20 23:25,34.649,-92.676,16,0,0,0
4/2/20 23:25,37.753,-88.541,1,0,0,0
4/2/20 23:25,38.784,-97.652,3,0,0,0
4/2/20 23:25,40.666,-111.922,476,4,0,0
4/2/20 23:25,34.008,-81.727,2,0,0,0
4/2/20 23:25,34.988,-78.369,1,0,0,0
4/2/20 23:25,31.395,-94.17,1,0,0,0
4/2/20 23:25,36.603,-121.07,23,1,0,0
4/2/20 23:25,34.841,-116.177,254,6,0,0
4/2/20 23:25,33.035,-116.737,849,15,0,0
4/2/20 23:25,37.752,-122.439,450,7,0,0
4/2/20 23:25,30.579,-95.163,1,0,0,0
4/2/20 23:25,37.934,-121.273,173,9,0,0
4/2/20 23:25,36.388,-108.238,52,0,0,0
4/2/20 23:25,37.628,-109.803,11,0,0,0
4/2/20 23:25,48.602,-122.967,6,0,0,0
4/2/20 23:25,35.388,-120.404,89,0,0,0
4/2/20 23:25,37.423,-122.328,453,10,0,0
4/2/20 23:25,38.005,-108.402,4,0,0,0
4/2/20 23:25,35.48,-104.816,1,0,0,0
4/2/20 23:25,28.009,-97.518,2,0,0,0
4/2/20 23:25,35.689,-106.869,32,1,0,0
4/2/20 23:25,41.356,-83.138,5,0,0,0
4/2/20 23:25,39.758,-89.659,18,2,0,0
4/2/20 23:25,43.424,-82.821,8,1,0,0
4/2/20 23:25,34.653,-120.019,111,1,0,0
4/2/20 23:25,37.231,-121.697,1019,36,0,0
4/2/20 23:25,31.525,-110.848,3,0,0,0
4/2/20 23:25,37.056,-122.007,54,1,0,0
4/2/20 23:25,35.507,-105.977,48,0,0,0
4/2/20 23:25,30.693,-87.025,47,2,0,0
4/2/20 23:25,27.185,-82.332,110,7,0,0
4/2/20 23:25,43.109,-73.867,132,1,0,0
4/2/20 23:25,41.113,-96.112,20,0,0,0
4/2/20 23:25,43.426,-89.95,16,2,0,0
4/2/20 23:25,41.228,-96.638,3,0,0,0
4/2/20 23:25,42.817,-74.053,101,1,0,0
4/2/20 23:25,32.265,-84.313,3,0,0,0
4/2/20 23:25,42.588,-74.443,9,0,0,0
4/2/20 23:25,46.192,-86.2,0,0,0,0
4/2/20 23:25,42.392,-76.877,3,0,0,0
4/2/20 23:25,40.705,-76.215,54,0,0,0
4/2/20 23:25,34.839,-79.476,2,0,0,0
4/2/20 23:25,34.856,-94.063,1,0,0,0
4/2/20 23:25,38.687,-85.746,5,1,0,0
4/2/20 23:25,41.639,-90.62,25,0,0,0
4/2/20 23:25,38.296,-84.582,6,0,0,0
4/2/20 23:25,44.649,-93.533,10,0,0,0
4/2/20 23:25,32.407,-89.538,13,0,0,0
4/2/20 23:25,37.056,-89.565,6,0,0,0
4/2/20 23:25,36.423,-84.504,3,0,0,0
4/2/20 23:25,41.851,-103.708,3,0,0,0
4/2/20 23:25,32.75,-81.608,2,0,0,0
4/2/20 23:25,35.911,-92.699,2,0,0,0
4/2/20 23:25,35.196,-94.272,8,0,0,0
4/2/20 23:25,37.684,-97.461,79,1,0,0
4/2/20 23:25,28.716,-81.241,145,0,0,0
4/2/20 23:25,30.935,-84.868,6,0,0,0
4/2/20 23:25,35.165,-96.617,1,0,0,0
4/2/20 23:25,42.781,-76.825,4,0,0,0
4/2/20 23:25,41.124,-83.128,4,1,0,0
4/2/20 23:25,35.37,-85.41,2,0,0,0
4/2/20 23:25,35.494,-94.755,4,1,0,0
4/2/20 23:25,33.998,-94.242,1,0,0,0
4/2/20 23:25,35.781,-83.522,10,0,0,0
4/2/20 23:25,32.881,-90.816,2,0,0,0
4/2/20 23:25,40.764,-122.04,7,1,0,0
4/2/20 23:25,39.041,-95.756,20,2,0,0
4/2/20 23:25,43.721,-87.946,16,0,0,0
4/2/20 23:25,33.269,-86.662,113,3,0,0
4/2/20 23:25,39.523,-85.792,24,0,0,0
4/2/20 23:25,41.685,-95.31,3,0,0,0
4/2/20 23:25,38.215,-85.194,2,0,0,0
4/2/20 23:25,39.797,-92.076,1,0,0,0
4/2/20 23:25,40.332,-84.203,6,0,0,0
4/2/20 23:25,35.186,-89.897,638,7,0,0
4/2/20 23:25,31.792,-94.146,4,0,0,0
4/2/20 23:25,38.859,-78.568,9,0,0,0
4/2/20 23:25,45.444,-93.776,8,0,0,0
4/2/20 23:25,44.79,-106.886,10,0,0,0
4/2/20 23:25,42.954,-84.146,17,0,0,0
4/2/20 23:25,44.58,-94.232,1,0,0,0
4/2/20 23:25,45.9,-112.662,11,0,0,0
4/2/20 23:25,36.741,-86.58,9,0,0,0
4/2/20 23:25,31.913,-89.917,4,0,0,0
4/2/20 23:25,43.082,-96.177,4,0,0,0
4/2/20 23:25,46.113,-101.044,1,0,0,0
4/2/20 23:25,41.592,-122.541,3,0,0,0
4/2/20 23:25,48.482,-121.766,143,4,0,0
4/2/20 23:25,46.024,-121.916,1,0,0,0
4/2/20 23:25,32.017,-89.506,6,0,0,0
4/2/20 23:25,36.254,-85.954,3,0,0,0
4/2/20 23:25,32.375,-95.272,42,1,0,0
4/2/20 23:25,36.845,-81.533,2,0,0,0
4/2/20 23:25,48.046,-121.717,1376,52,0,0
4/2/20 23:25,40.771,-77.068,3,1,0,0
4/2/20 23:25,34.007,-106.93,3,0,0,0
4/2/20 23:25,38.268,-121.936,54,0,0,0
4/2/20 23:25,45.512,-69.96,2,0,0,0
4/2/20 23:25,38.116,-75.751,4,0,0,0
4/2/20 23:25,40.565,-74.617,549,17,0,0
4/2/20 23:25,39.972,-79.027,3,0,0,0
4/2/20 23:25,38.527,-122.886,91,2,0,0
4/2/20 23:25,36.722,-77.106,2,0,0,0
4/2/20 23:25,33.263,-84.28,18,1,0,0
4/2/20 23:25,34.93,-81.992,50,0,0,0
4/2/20 23:25,38.015,-87.008,1,0,0,0
4/2/20 23:25,38.032,-85.327,2,0,0,0
4/2/20 23:25,44.938,-98.346,1,0,0,0
4/2/20 23:25,47.621,-117.405,182,7,0,0
4/2/20 23:25,38.186,-77.655,9,0,0,0
4/2/20 23:25,29.878,-89.519,181,5,0,0
4/2/20 23:25,29.907,-90.356,180,8,0,0
4/2/20 23:25,38.779,-90.667,105,4,0,0
4/2/20 23:25,33.719,-86.31,28,0,0,0
4/2/20 23:25,38.47,-89.931,55,2,0,0
4/2/20 23:25,42.927,-82.679,53,0,0,0
4/2/20 23:25,45.034,-92.45,6,0,0,0
4/2/20 23:25,35.022,-90.748,1,0,0,0
4/2/20 23:25,37.812,-90.476,9,0,0,0
4/2/20 23:25,30.822,-90.71,1,0,0,0
4/2/20 23:25,30.025,-90.802,110,4,0,0
4/2/20 23:25,30.126,-90.475,274,14,0,0
4/2/20 23:25,29.901,-81.436,102,2,0,0
4/2/20 23:25,41.618,-86.29,65,1,0,0
4/2/20 23:25,41.914,-85.528,8,0,0,0
4/2/20 23:25,30.597,-92.001,56,1,0,0
4/2/20 23:25,44.498,-75.066,39,0,0,0
4/2/20 23:25,47.605,-92.469,13,0,0,0
4/2/20 23:25,38.638,-90.446,712,4,0,0
4/2/20 23:25,38.636,-90.243,239,1,0,0
4/2/20 23:25,27.378,-80.471,48,3,0,0
4/2/20 23:25,30.131,-91.614,58,3,0,0
4/2/20 23:25,29.693,-91.447,42,0,0,0
4/2/20 23:25,38.301,-76.606,27,0,0,0
4/2/20 23:25,30.409,-89.956,399,9,0,0
4/2/20 23:25,38.031,-98.718,1,0,0,0
4/2/20 23:25,38.418,-77.459,27,0,0,0
4/2/20 23:25,37.559,-120.997,44,0,0,0
4/2/20 23:25,35.316,-80.251,5,0,0,0
4/2/20 23:25,46.809,-102.658,18,0,0,0
4/2/20 23:25,40.815,-81.364,67,3,0,0
4/2/20 23:25,41.279,-86.647,2,0,0,0
4/2/20 23:25,26.562,-98.739,5,0,0,0
4/2/20 23:25,38.16,-79.06,1,0,0,0
4/2/20 23:25,37.891,-90.195,3,0,0,0
4/2/20 23:25,45.552,-94.611,5,0,0,0
4/2/20 23:25,44.022,-93.226,6,0,0,0
4/2/20 23:25,34.552,-83.294,5,0,0,0
4/2/20 23:25,34.486,-97.851,7,1,0,0
4/2/20 23:25,42.351,-89.663,3,0,0,0
4/2/20 23:25,41.644,-85.001,2,0,0,0
4/2/20 23:25,42.269,-77.383,43,0,0,0
4/2/20 23:25,37.192,-101.312,2,0,0,0
4/2/20 23:25,48.4,-117.854,5,0,0,0
4/2/20 23:25,32.08,-84.832,1,0,0,0
4/2/20 23:25,36.856,-89.944,3,0,0,0
4/2/20 23:25,36.402,-80.239,3,0,0,0
4/2/20 23:25,35.863,-92.157,5,0,0,0
4/2/20 23:25,36.75,-93.453,2,0,0,0
4/2/20 23:25,42.036,-93.465,4,0,0,0
4/2/20 23:25,43.292,-71.023,35,0,0,0
4/2/20 23:25,42.766,-109.913,1,0,0,0
4/2/20 23:25,42.328,-71.079,1896,19,0,0
4/2/20 23:25,40.883,-72.801,8746,69,0,0
4/2/20 23:25,36.702,-76.636,6,0,0,0
4/2/20 23:25,39.09,-87.414,3,0,0,0
4/2/20 23:25,43.361,-72.222,5,0,0,0
4/2/20 23:25,41.716,-74.764,143,4,0,0
4/2/20 23:25,36.512,-82.304,17,0,0,0
4/2/20 23:25,39.638,-106.115,34,0,0,0
4/2/20 23:25,41.125,-81.531,155,7,0,0
4/2/20 23:25,40.867,-110.954,204,0,0,0
4/2/20 23:25,37.237,-97.477,1,0,0,0
4/2/20 23:25,36.468,-86.459,268,11,0,0
4/2/20 23:25,32.591,-88.199,6,0,0,0
4/2/20 23:25,28.702,-82.079,66,2,0,0
4/2/20 23:25,32.037,-84.198,45,3,0,0
4/2/20 23:25,33.918,-80.379,66,3,0,0
4/2/20 23:25,33.602,-90.589,12,1,0,0
4/2/20 23:25,36.417,-80.691,2,0,0,0
4/2/20 23:25,37.118,-76.885,1,0,0,0
4/2/20 23:25,41.821,-75.801,3,0,0,0
4/2/20 23:25,38.661,-75.39,105,3,0,0
4/2/20 23:25,41.139,-74.691,179,7,0,0
4/2/20 23:25,36.924,-77.258,1,0,0,0
4/2/20 23:25,39.034,-121.695,14,1,0,0
4/2/20 23:25,30.197,-82.991,7,0,0,0
4/2/20 23:25,41.659,-108.883,3,0,0,0
4/2/20 23:25,34.53,-101.735,1,0,0,0
4/2/20 23:25,38.828,-85.03,4,0,0,0
4/2/20 23:25,32.696,-84.534,1,0,0,0
4/2/20 23:25,38.766,-76.109,4,0,0,0
4/2/20 23:25,33.378,-86.169,9,0,0,0
4/2/20 23:25,33.953,-90.173,2,0,0,0
4/2/20 23:25,32.867,-85.798,17,1,0,0
4/2/20 23:25,42.08,-92.533,17,0,0,0
4/2/20 23:25,36.655,-93.041,2,0,0,0
4/2/20 23:25,30.629,-90.407,42,1,0,0
4/2/20 23:25,36.58,-105.631,12,0,0,0
4/2/20 23:25,32.771,-97.291,325,6,0,0
4/2/20 23:25,34.651,-89.945,12,0,0,0
4/2/20 23:25,32.048,-82.055,2,0,0,0
4/2/20 23:25,32.558,-84.251,2,0,0,0
4/2/20 23:25,40.737,-94.698,1,0,0,0
4/2/20 23:25,37.368,-85.333,2,0,0,0
4/2/20 23:25,32.302,-99.89,18,0,0,0
4/2/20 23:25,40.507,-89.514,5,0,0,0
4/2/20 23:25,37.122,-81.567,2,0,0,0
4/2/20 23:25,38.881,-105.161,7,1,0,0
4/2/20 23:25,29.373,-90.826,97,1,0,0
4/2/20 23:25,31.775,-84.441,46,2,0,0
4/2/20 23:25,33.174,-102.335,4,0,0,0
4/2/20 23:25,43.753,-111.206,3,0,0,0
4/2/20 23:25,43.935,-110.589,29,0,0,0
4/2/20 23:25,37.317,-91.966,1,0,0,0
4/2/20 23:25,36.748,-101.489,1,0,0,0
4/2/20 23:25,30.864,-83.918,15,0,0,0
4/2/20 23:25,46.929,-122.829,51,0,0,0
4/2/20 23:25,31.457,-83.524,28,0,0,0
4/2/20 23:25,45.462,-123.712,3,0,0,0
4/2/20 23:25,42.169,-76.308,8,0,0,0
4/2/20 23:25,41.773,-77.254,2,0,0,0
4/2/20 23:25,34.769,-88.91,29,2,0,0
4/2/20 23:25,40.389,-86.894,19,1,0,0
4/2/20 23:25,40.311,-86.052,5,0,0,0
4/2/20 23:25,35.502,-89.737,24,0,0,0
4/2/20 23:25,34.74,-88.239,1,0,0,0
4/2/20 23:25,43.193,-100.72,1,0,0,0
4/2/20 23:25,41.859,-72.331,67,10,0,0
4/2/20 23:25,31.405,-100.462,10,0,0,0
4/2/20 23:25,42.449,-76.472,80,0,0,0
4/2/20 23:25,40.449,-113.13,13,0,0,0
4/2/20 23:25,48.656,-111.694,6,3,0,0
4/2/20 23:25,32.121,-82.33,4,0,0,0
4/2/20 23:25,34.64,-105.851,3,0,0,0
4/2/20 23:25,35.204,-82.796,5,0,0,0
4/2/20 23:25,45.773,-96.471,2,0,0,0
4/2/20 23:25,30.334,-97.785,351,3,0,0
4/2/20 23:25,44.304,-91.359,1,0,0,0
4/2/20 23:25,33.033,-85.028,20,1,0,0
4/2/20 23:25,36.39,-86.161,6,1,0,0
4/2/20 23:25,41.317,-80.761,63,6,0,0
4/2/20 23:25,39.112,-79.571,3,0,0,0
4/2/20 23:25,36.22,-118.802,74,2,0,0
4/2/20 23:25,36.119,-95.94,151,5,0,0
4/2/20 23:25,34.65,-90.375,14,1,0,0
4/2/20 23:25,38.026,-119.953,2,0,0,0
4/2/20 23:25,31.716,-83.621,5,0,0,0
4/2/20 23:25,43.311,-97.149,2,0,0,0
4/2/20 23:25,33.287,-87.526,39,0,0,0
4/2/20 23:25,40.442,-81.472,16,0,0,0
4/2/20 23:25,43.466,-83.419,14,2,0,0
4/2/20 23:25,32.674,-83.431,2,0,0,0
4/2/20 23:25,42.354,-114.669,31,0,0,0
4/2/20 23:25,30.77,-94.377,0,0,0,0
4/2/20 23:25,41.288,-110.548,1,0,0,0
4/2/20 23:25,40.125,-109.517,1,0,0,0
4/2/20 23:25,41.89,-74.263,240,3,0,0
4/2/20 23:25,45.591,-118.735,5,0,0,0
4/2/20 23:25,0.0,0.0,0,5,0,0
4/2/20 23:25,0.0,0.0,0,2,0,0
4/2/20 23:25,0.0,0.0,0,3,0,0
4/2/20 23:25,0.0,0.0,43,6,0,0
4/2/20 23:25,0.0,0.0,0,0,0,0
4/2/20 23:25,0.0,0.0,128,4,0,0
4/2/20 23:25,0.0,0.0,174,1,0,0
4/2/20 23:25,0.0,0.0,0,0,0,0
4/2/20 23:25,0.0,0.0,9,20,0,0
4/2/20 23:25,0.0,0.0,778,1,0,0
4/2/20 23:25,0.0,0.0,18,0,0,0
4/2/20 23:25,0.0,0.0,9,0,0,0
4/2/20 23:25,0.0,0.0,37,0,0,0
4/2/20 23:25,0.0,0.0,0,1,0,0
4/2/20 23:25,0.0,0.0,113,14,0,0
4/2/20 23:25,0.0,0.0,38,1,0,0
4/2/20 23:25,0.0,0.0,8,0,0,0
4/2/20 23:25,0.0,0.0,0,0,0,0
4/2/20 23:25,0.0,0.0,270,9,0,0
4/2/20 23:25,0.0,0.0,178,0,0,0
4/2/20 23:25,0.0,0.0,0,8,0,0
4/2/20 23:25,0.0,0.0,0,0,0,0
4/2/20 23:25,0.0,0.0,0,0,0,0
4/2/20 23:25,0.0,0.0,2,1,0,0
4/2/20 23:25,0.0,0.0,148,0,0,0
4/2/20 23:25,0.0,0.0,0,2,0,0
4/2/20 23:25,0.0,0.0,4866,4,0,0
4/2/20 23:25,0.0,0.0,1,0,0,0
4/2/20 23:25,0.0,0.0,0,675,0,0
4/2/20 23:25,0.0,0.0,0,0,0,0
4/2/20 23:25,0.0,0.0,0,0,0,0
4/2/20 23:25,0.0,0.0,80,12,0,0
4/2/20 23:25,0.0,0.0,0,0,0,0
4/2/20 23:25,0.0,0.0,6,0,0,0
4/2/20 23:25,0.0,0.0,5,12,0,0
4/2/20 23:25,0.0,0.0,0,26,0,0
4/2/20 23:25,0.0,0.0,344,0,0,0
4/2/20 23:25,0.0,0.0,0,1,0,0
4/2/20 23:25,0.0,0.0,0,5,0,0
4/2/20 23:25,36.109,-82.437,1,0,0,0
4/2/20 23:25,33.169,-92.597,10,0,0,0
4/2/20 23:25,30.044,-82.375,1,0,0,0
4/2/20 23:25,34.83,-83.99,1,0,0,0
4/2/20 23:25,37.662,-87.943,2,0,0,0
4/2/20 23:25,32.831,-92.375,13,0,0,0
4/2/20 23:25,34.492,-89.008,4,0,0,0
4/2/20 23:25,40.658,-74.307,2010,34,0,0
4/2/20 23:25,34.99,-80.53,55,0,0,0
4/2/20 23:25,40.3,-83.372,4,0,0,0
4/2/20 23:25,45.309,-118.007,3,0,0,0
4/2/20 23:25,40.962,-77.06,2,0,0,0
4/2/20 23:25,34.688,-81.617,5,0,0,0
4/2/20 23:25,42.831,-96.656,3,0,0,0
4/2/20 23:25,36.286,-83.837,1,0,0,0
4/2/20 23:25,32.737,-94.94,3,0,0,0
4/2/20 23:25,38.893,-80.237,1,0,0,0
4/2/20 23:25,32.879,-84.3,6,0,0,0
4/2/20 23:25,40.117,-111.666,105,0,0,0
4/2/20 23:25,29.357,-99.762,4,0,0,0
4/2/20 23:25,29.891,-101.153,5,0,0,0
4/2/20 23:25,34.717,-106.81,5,0,0,0
4/2/20 23:25,44.767,-115.568,2,0,0,0
4/2/20 23:25,35.581,-92.513,20,0,0,0
4/2/20 23:25,40.753,-91.95,3,0,0,0
4/2/20 23:25,42.252,-86.019,12,1,0,0
4/2/20 23:25,40.855,-84.591,2,0,0,0
4/2/20 23:25,32.565,-95.838,3,1,0,0
4/2/20 23:25,36.369,-78.407,6,0,0,0
4/2/20 23:25,38.027,-87.588,23,0,0,0
4/2/20 23:25,41.403,-79.758,3,0,0,0
4/2/20 23:25,34.445,-119.091,160,5,0,0
4/2/20 23:25,40.184,-87.734,2,0,0,0
4/2/20 23:25,29.835,-92.303,16,1,0,0
4/2/20 23:25,31.109,-93.182,7,0,0,0
4/2/20 23:25,28.798,-96.968,20,0,0,0
4/2/20 23:25,39.429,-87.392,10,2,0,0
4/2/20 23:25,46.055,-89.517,3,0,0,0
4/2/20 23:25,36.733,-76.046,111,1,0,0
4/2/20 23:25,29.059,-81.183,102,1,0,0
4/2/20 23:25,40.847,-85.793,1,0,0,0
4/2/20 23:25,44.284,-92.231,6,0,0,0
4/2/20 23:25,35.96,-95.519,24,2,0,0
4/2/20 23:25,35.789,-78.652,251,0,0,0
4/2/20 23:25,30.165,-84.399,2,0,0,0
4/2/20 23:25,44.486,-69.121,2,0,0,0
4/2/20 23:25,33.803,-87.3,34,0,0,0
4/2/20 23:25,34.734,-85.302,2,0,0,0
4/2/20 23:25,30.739,-95.574,7,0,0,0
4/2/20 23:25,46.23,-118.478,8,0,0,0
4/2/20 23:25,30.011,-95.99,5,0,0,0
4/2/20 23:25,45.579,-117.184,1,0,0,0
4/2/20 23:25,48.369,-97.726,1,0,0,0
4/2/20 23:25,31.15,-90.104,10,0,0,0
4/2/20 23:25,30.642,-86.169,19,0,0,0
4/2/20 23:25,33.78,-83.736,14,0,0,0
4/2/20 23:25,42.669,-88.542,15,0,0,0
4/2/20 23:25,41.031,-92.41,1,0,0,0
4/2/20 23:25,48.224,-101.544,13,0,0,0
4/2/20 23:25,31.054,-82.422,14,2,0,0
4/2/20 23:25,33.411,-82.678,4,0,0,0
4/2/20 23:25,40.347,-87.356,2,1,0,0
4/2/20 23:25,41.336,-93.56,6,0,0,0
4/2/20 23:25,36.999,-86.427,13,0,0,0
4/2/20 23:25,32.358,-90.834,2,0,0,0
4/2/20 23:25,38.765,-91.161,7,0,0,0
4/2/20 23:25,40.86,-74.996,116,3,0,0
4/2/20 23:25,43.562,-73.843,18,0,0,0
4/2/20 23:25,39.426,-84.166,26,0,0,0
4/2/20 23:25,41.813,-79.27,1,0,0,0
4/2/20 23:25,35.673,-85.78,1,0,0,0
4/2/20 23:25,38.908,-78.203,3,0,0,0
4/2/20 23:25,38.089,-87.272,8,0,0,0
4/2/20 23:25,40.331,-111.169,61,0,0,0
4/2/20 23:25,45.163,-121.167,7,0,0,0
4/2/20 23:25,44.022,-93.587,3,0,0,0
4/2/20 23:25,43.905,-107.68,1,0,0,0
4/2/20 23:25,31.409,-88.207,3,1,0,0
4/2/20 23:25,35.977,-94.218,23,0,0,0
4/2/20 23:25,39.97,-103.203,1,0,0,0
4/2/20 23:25,30.614,-85.66,1,0,0,0
4/2/20 23:25,32.967,-82.794,4,0,0,0
4/2/20 23:25,38.353,-89.41,1,0,0,0
4/2/20 23:25,38.602,-86.105,12,0,0,0
4/2/20 23:25,41.336,-91.717,36,2,0,0
4/2/20 23:25,37.756,-85.174,1,0,0,0
4/2/20 23:25,30.853,-90.039,50,2,0,0
4/2/20 23:25,39.608,-77.82,17,0,0,0
4/2/20 23:25,45.039,-92.884,46,0,0,0
4/2/20 23:25,33.284,-90.942,29,0,0,0
4/2/20 23:25,41.528,-96.22,19,0,0,0
4/2/20 23:25,43.312,-73.43,12,0,0,0
4/2/20 23:25,35.838,-76.573,2,0,0,0
4/2/20 23:25,39.457,-81.491,4,0,0,0
4/2/20 23:25,36.714,-95.905,24,0,0,0
4/2/20 23:25,45.56,-123.096,211,4,0,0
4/2/20 23:25,40.192,-80.246,38,0,0,0
4/2/20 23:25,41.46,-71.614,34,0,0,0
4/2/20 23:25,36.295,-82.495,20,0,0,0
4/2/20 23:25,30.215,-96.409,17,0,0,0
4/2/20 23:25,37.28,-113.505,18,1,0,0
4/2/20 23:25,44.273,-72.616,18,0,0,0
4/2/20 23:25,36.723,-81.957,2,0,0,0
4/2/20 23:25,43.369,-88.23,46,1,0,0
4/2/20 23:25,40.666,-119.663,163,4,0,0
4/2/20 23:25,42.253,-83.839,438,8,0,0
4/2/20 23:25,36.231,-81.7,8,0,0,0
4/2/20 23:25,43.978,-94.614,3,0,0,0
4/2/20 23:25,43.018,-88.304,120,1,0,0
4/2/20 23:25,44.471,-88.965,2,1,0,0
4/2/20 23:25,39.863,-85.01,3,0,0,0
4/2/20 23:25,36.803,-84.825,3,0,0,0
4/2/20 23:25,42.278,-83.379,5069,194,0,0
4/2/20 23:25,31.641,-88.696,1,0,0,0
4/2/20 23:25,43.155,-77.03,27,0,0,0
4/2/20 23:25,35.364,-78.0,7,0,0,0
4/2/20 23:25,40.829,-81.888,11,0,0,0
4/2/20 23:25,41.649,-75.3,17,0,0,0
4/2/20 23:25,35.239,-87.786,2,0,0,0
4/2/20 23:25,38.065,-78.903,2,0,0,0
4/2/20 23:25,36.299,-88.72,1,0,0,0
4/2/20 23:25,27.761,-99.332,63,5,0,0
4/2/20 23:25,41.271,-111.915,53,1,0,0
4/2/20 23:25,32.041,-84.547,1,0,0,0
4/2/20 23:25,42.429,-94.18,1,0,0,0
4/2/20 23:25,37.522,-87.68,2,0,0,0
4/2/20 23:25,32.708,-93.331,19,2,0,0
4/2/20 23:25,33.613,-89.284,8,1,0,0
4/2/20 23:25,37.281,-92.876,2,0,0,0
4/2/20 23:25,40.555,-104.393,293,13,0,0
4/2/20 23:25,40.729,-85.221,2,0,0,0
4/2/20 23:25,30.461,-91.31,19,1,0,0
4/2/20 23:25,30.879,-91.415,10,0,0,0
4/2/20 23:25,41.163,-73.757,11567,64,0,0
4/2/20 23:25,40.314,-79.466,84,0,0,0
4/2/20 23:25,39.607,-80.64,2,0,0,0
4/2/20 23:25,44.339,-85.577,3,0,0,0
4/2/20 23:25,29.278,-96.223,9,0,0,0
4/2/20 23:25,48.822,-121.749,175,14,0,0
4/2/20 23:25,32.12,-82.726,1,0,0,0
4/2/20 23:25,35.257,-91.749,15,0,0,0
4/2/20 23:25,34.646,-83.749,3,0,0,0
4/2/20 23:25,40.749,-86.865,3,0,0,0
4/2/20 23:25,35.929,-85.456,2,0,0,0
4/2/20 23:25,39.442,-114.9,1,0,0,0
4/2/20 23:25,41.755,-89.916,6,1,0,0
4/2/20 23:25,34.81,-84.961,15,1,0,0
4/2/20 23:25,41.139,-85.508,3,0,0,0
4/2/20 23:25,46.9,-117.524,11,0,0,0
4/2/20 23:25,33.988,-98.704,43,0,0,0
4/2/20 23:25,38.373,-75.627,7,1,0,0
4/2/20 23:25,31.988,-87.309,5,0,0,0
4/2/20 23:25,31.975,-83.434,1,0,0,0
4/2/20 23:25,33.783,-82.743,2,0,0,0
4/2/20 23:25,36.208,-81.162,4,1,0,0
4/2/20 23:25,46.357,-96.468,1,0,0,0
4/2/20 23:25,32.803,-83.171,1,0,0,0
4/2/20 23:25,31.161,-91.31,17,2,0,0
4/2/20 23:25,41.446,-87.979,384,9,0,0
4/2/20 23:25,26.474,-97.615,3,0,0,0
4/2/20 23:25,48.345,-103.479,4,0,0,0
4/2/20 23:25,33.622,-79.728,6,0,0,0
4/2/20 23:25,37.281,-76.709,9,1,0,0
4/2/20 23:25,37.73,-88.93,1,0,0,0
4/2/20 23:25,35.891,-86.893,199,2,0,0
4/2/20 23:25,30.647,-97.6,63,1,0,0
4/2/20 23:25,35.706,-77.918,17,0,0,0
4/2/20 23:25,36.155,-86.298,62,0,0,0
4/2/20 23:25,29.173,-98.087,5,0,0,0
4/2/20 23:25,39.171,-78.173,5,0,0,0
4/2/20 23:25,41.83,-71.982,21,0,0,0
4/2/20 23:25,42.987,-72.713,18,0,0,0
4/2/20 23:25,43.58,-72.586,20,1,0,0
4/2/20 23:25,31.944,-92.638,2,0,0,0
4/2/20 23:25,42.336,-89.161,24,1,0,0
4/2/20 23:25,44.069,-88.645,24,0,0,0
4/2/20 23:25,43.291,-91.844,4,0,0,0
4/2/20 23:25,43.988,-91.781,11,0,0,0
4/2/20 23:25,34.15,-87.373,2,0,0,0
4/2/20 23:25,33.087,-89.034,9,0,0,0
4/2/20 23:25,39.028,-81.375,1,0,0,0
4/2/20 23:25,33.216,-97.655,3,0,0,0
4/2/20 23:25,41.362,-83.623,18,0,0,0
4/2/20 23:25,32.787,-95.382,1,0,0,0
4/2/20 23:25,39.21,-81.516,3,0,0,0
4/2/20 23:25,44.455,-90.042,2,0,0,0
4/2/20 23:25,42.39,-96.046,7,0,0,0
4/2/20 23:25,40.786,-89.21,3,0,0,0
4/2/20 23:25,38.042,-84.742,5,0,0,0
4/2/20 23:25,35.189,-91.244,1,0,0,0
4/2/20 23:25,37.887,-95.74,3,0,0,0
4/2/20 23:25,36.423,-99.263,1,0,0,0
4/2/20 23:25,38.213,-75.332,5,0,0,0
4/2/20 23:25,42.35,-71.905,667,13,0,0
4/2/20 23:25,31.552,-83.851,28,1,0,0
4/2/20 23:25,42.733,-93.735,1,0,0,0
4/2/20 23:25,45.173,-93.962,7,0,0,0
4/2/20 23:25,37.27,-92.469,6,0,0,0
4/2/20 23:25,40.843,-83.307,2,0,0,0
4/2/20 23:25,39.117,-94.764,106,4,0,0
4/2/20 23:25,42.701,-78.222,14,1,0,0
4/2/20 23:25,41.52,-76.011,1,0,0,0
4/2/20 23:25,36.916,-81.078,2,0,0,0
4/2/20 23:25,36.162,-80.662,4,0,0,0
4/2/20 23:25,46.457,-120.738,224,12,0,0
4/2/20 23:25,34.028,-89.708,7,0,0,0
4/2/20 23:25,45.233,-123.309,18,3,0,0
4/2/20 23:25,43.009,-97.395,10,0,0,0
4/2/20 23:25,42.635,-77.104,1,0,0,0
4/2/20 23:25,34.599,-112.554,34,0,0,0
4/2/20 23:25,32.779,-90.397,11,0,0,0
4/2/20 23:25,44.717,-95.868,1,0,0,0
4/2/20 23:25,45.94,-108.269,35,0,0,0
4/2/20 23:25,38.683,-121.902,28,1,0,0
4/2/20 23:25,43.478,-70.711,74,1,0,0
4/2/20 23:25,40.873,-97.597,1,0,0,0
4/2/20 23:25,39.921,-76.73,102,1,0,0
4/2/20 23:25,34.973,-81.181,66,1,0,0
4/2/20 23:25,37.244,-76.544,17,1,0,0
4/2/20 23:25,33.177,-98.688,3,0,0,0
4/2/20 23:25,39.263,-121.354,8,0,0,0
4/2/20 23:25,32.769,-113.907,13,0,0,0
4/2/20 23:25,40.003,-102.426,2,0,0,0
4/2/20 23:31,53.933,-116.576,969,13,0,0
4/2/20 23:25,18.221,-63.069,3,0,0,3
3/8/20 5:19,31.826,117.226,990,6,984,0
4/2/20 23:25,12.521,-69.968,60,0,1,59
4/2/20 23:32,-35.474,149.012,87,1,11,75
4/2/20 2:23,40.182,116.414,582,8,424,150
4/2/20 23:25,32.308,-64.751,35,0,11,24
4/2/20 23:25,12.178,-68.239,2,0,0,2
4/2/20 23:31,53.727,-127.648,1121,31,0,0
4/2/20 23:25,18.421,-64.64,3,0,0,3
4/2/20 23:25,19.313,-81.255,28,1,0,27
4/2/20 23:25,49.372,-2.364,193,3,0,190
4/2/20 23:25,12.17,-68.99,11,1,3,7
4/2/20 23:31,0.0,0.0,0,1,0,0
4/2/20 23:25,0.0,0.0,49,0,0,0
4/2/20 23:25,61.893,-6.912,177,0,81,96
4/2/20 23:25,4.0,-53.0,51,0,15,36
4/2/20 23:25,-17.68,-149.407,37,0,0,37
4/2/20 1:38,26.079,117.987,345,1,299,45
4/1/20 14:00,37.81,101.058,138,2,127,9
4/2/20 23:25,36.141,-5.354,88,0,46,42
4/2/20 23:31,0.0,0.0,13,0,0,0
4/2/20 23:25,0.0,0.0,103,3,0,0
4/2/20 23:25,71.707,-42.604,10,0,2,8
4/2/20 23:25,16.265,-61.551,128,6,24,98
4/2/20 23:25,13.444,144.794,82,3,0,0
4/2/20 1:26,23.342,113.424,1507,8,1365,134
4/2/20 0:16,23.83,108.788,254,2,252,0
4/2/20 0:09,39.549,116.131,325,6,310,9
4/2/20 0:09,47.862,127.761,488,13,469,6
4/2/20 8:53,22.3,114.2,802,4,147,651
4/2/20 8:26,30.976,112.271,67802,3199,63471,1132
4/2/20 1:30,27.61,111.709,1019,4,1014,1
4/1/20 23:56,44.093,113.945,117,1,74,42
4/2/20 23:25,54.236,-4.548,95,1,0,94
4/2/20 0:58,32.971,119.455,647,0,631,16
4/2/20 13:24,41.296,122.609,141,2,124,15
4/2/20 23:31,53.761,-98.814,167,1,0,0
4/2/20 23:25,14.642,-61.024,138,3,27,108
4/2/20 23:25,-12.828,45.166,116,1,10,105
4/2/20 23:25,16.742,-62.187,5,0,0,5
4/2/20 23:31,46.565,-66.462,91,0,0,0
4/2/20 23:25,-20.904,165.618,18,0,1,17
4/2/20 23:32,-33.869,151.209,2298,10,4,2284
4/2/20 23:31,53.136,-57.66,183,1,0,0
4/2/20 23:25,15.098,145.674,6,1,0,0
4/2/20 23:32,-12.463,130.846,21,0,0,21
4/2/20 23:31,64.826,-124.846,2,0,0,0
4/2/20 23:31,44.682,-63.744,193,0,0,0
4/2/20 23:31,70.3,-83.108,0,0,0,0
4/2/20 23:31,51.254,-85.323,2793,53,0,0
4/2/20 23:31,46.511,-63.417,22,0,0,0
4/2/20 23:25,18.221,-66.59,316,12,0,0
4/2/20 23:31,52.94,-73.549,5518,36,0,0
4/2/20 23:32,-27.47,153.025,835,4,8,823
4/2/20 23:31,0.0,0.0,0,0,1735,0
4/2/20 23:25,0.0,0.0,0,0,9001,0
4/2/20 23:25,-21.115,55.536,308,0,40,268
4/2/20 23:25,17.9,-62.833,6,0,1,5
4/2/20 23:31,52.94,-106.451,206,3,0,0
4/1/20 1:36,35.192,108.87,255,3,242,10
4/2/20 0:34,36.343,118.15,775,7,753,15
4/2/20 0:34,31.202,121.449,522,6,343,173
4/2/20 0:58,30.617,102.71,554,3,537,14
4/2/20 23:25,18.043,-63.055,18,1,6,11
4/2/20 23:32,-34.928,138.601,367,0,6,361
4/2/20 23:25,18.071,-63.05,22,1,2,19
4/2/20 23:32,-42.882,147.327,72,2,5,65
4/1/20 10:53,39.305,117.323,176,3,135,38
4/2/20 23:25,21.694,-71.798,5,0,0,5
4/2/20 23:32,-37.814,144.963,1036,5,422,609
4/2/20 23:25,18.336,-64.896,30,0,0,0
4/2/20 23:32,-31.951,115.861,400,2,64,334
3/8/20 5:31,41.113,85.24,76,3,73,0
4/2/20 23:31,64.282,-135.0,6,0,0,0
4/1/20 23:43,24.974,101.487,183,2,172,9
4/2/20 1:20,29.183,120.093,1258,1,1228,29
4/2/20 23:25,33.939,67.71,240,4,10,257
4/2/20 23:25,41.153,20.168,277,16,76,185
4/2/20 23:25,28.034,1.66,986,86,61,839
4/2/20 23:25,42.506,1.522,428,15,10,403
4/2/20 23:25,-11.203,17.874,8,2,1,5
4/2/20 23:25,17.061,-61.796,9,0,0,9
4/2/20 23:25,-38.416,-63.617,1133,36,256,841
4/2/20 23:25,40.069,45.038,663,7,33,623
4/2/20 23:25,47.516,14.55,11129,158,1749,9222
4/2/20 23:25,40.143,47.577,400,5,26,369
4/2/20 23:25,25.026,-78.036,24,1,1,22
4/2/20 23:25,26.027,50.55,643,4,381,258
4/2/20 23:25,23.685,90.356,56,6,25,25
4/2/20 23:25,13.194,-59.543,46,0,0,46
4/2/20 23:25,53.71,27.953,304,4,53,247
4/2/20 23:25,50.833,4.47,15348,1011,2495,11842
4/2/20 23:25,17.19,-88.498,3,0,0,3
4/2/20 23:25,9.308,2.316,13,0,1,12
4/2/20 23:25,27.514,90.434,5,0,1,4
4/2/20 23:25,-16.29,-63.589,123,8,1,114
4/2/20 23:25,43.916,17.679,533,16,20,497
4/2/20 23:25,-22.328,24.685,4,1,0,3
4/2/20 23:25,-14.235,-51.925,8044,324,127,7593
4/2/20 23:25,4.535,114.728,133,1,56,76
4/2/20 23:25,42.734,25.486,457,10,25,422
4/2/20 23:25,12.238,-1.562,288,16,50,222
4/2/20 23:25,21.916,95.956,20,1,0,19
4/2/20 23:25,-3.373,29.919,3,0,0,3
4/2/20 23:25,16.539,-23.042,6,1,0,5
4/2/20 23:25,11.55,104.917,110,0,34,76
4/2/20 23:25,3.848,11.502,306,7,10,289
4/2/20 23:25,6.611,20.939,3,0,0,3
4/2/20 23:25,15.454,18.732,8,0,0,8
4/2/20 23:25,-35.675,-71.543,3404,18,335,3051
4/2/20 23:25,4.571,-74.297,1161,19,55,1087
4/2/20 23:25,-4.263,15.283,22,2,2,18
4/2/20 23:25,-4.322,15.307,134,13,3,118
4/2/20 23:25,9.749,-83.753,396,2,6,388
4/2/20 23:25,7.54,-5.547,194,1,15,178
4/2/20 23:25,45.1,15.2,1011,7,88,916
4/2/20 23:25,21.522,-77.781,233,6,13,214
4/2/20 23:25,35.126,33.43,356,10,28,318
4/2/20 23:25,49.818,15.473,3858,44,67,3747
4/2/20 23:25,56.264,9.502,3386,123,1089,2174
4/2/20 23:25,0.0,0.0,712,11,619,82
4/2/20 23:25,11.825,42.59,40,0,0,40
4/2/20 23:25,15.415,-61.371,12,0,0,12
4/2/20 23:25,18.736,-70.163,1380,60,16,1304
4/2/20 23:25,-1.831,-78.183,3163,120,65,2978
4/2/20 23:25,26.821,30.802,865,58,201,606
4/2/20 23:25,13.794,-88.897,41,2,0,39
4/2/20 23:25,1.651,10.268,15,0,1,14
4/2/20 23:25,15.179,39.782,22,0,0,22
4/2/20 23:25,58.595,25.014,858,11,45,802
4/2/20 23:25,-26.523,31.466,9,0,0,9
4/2/20 23:25,9.145,40.49,29,0,3,26
4/2/20 23:25,-17.713,178.065,7,0,0,7
4/2/20 23:25,61.924,25.748,1518,19,300,1199
4/2/20 23:25,46.228,2.214,58404,5376,12428,41290
4/2/20 23:25,-0.804,11.609,21,1,0,20
4/2/20 23:25,13.443,-15.31,4,1,2,1
4/2/20 23:25,42.315,43.357,134,0,26,108
4/2/20 23:25,51.166,10.452,84794,1107,22440,61247
4/2/20 23:25,7.947,-1.023,204,5,31,168
4/2/20 23:25,39.074,21.824,1544,53,61,1430
4/2/20 23:25,12.117,-61.679,10,0,0,10
4/2/20 23:25,15.784,-90.231,47,1,12,34
4/2/20 23:25,9.946,-9.697,52,0,0,52
4/2/20 23:25,11.804,-15.18,9,0,0,9
4/2/20 23:25,4.86,-58.93,19,4,0,15
4/2/20 23:25,18.971,-72.285,16,0,1,15
4/2/20 23:25,41.903,12.453,7,0,0,7
4/2/20 23:25,15.2,-86.242,219,14,3,202
4/2/20 23:25,47.163,19.503,585,21,42,522
4/2/20 23:25,64.963,-19.021,1319,4,284,1031
4/2/20 23:25,20.594,78.963,2543,72,191,2280
4/2/20 23:25,-0.789,113.921,1790,170,112,1508
4/2/20 23:25,32.428,53.688,50468,3160,16711,30597
4/2/20 23:25,33.223,43.679,772,54,202,516
4/2/20 23:25,53.142,-7.692,3849,98,5,3746
4/2/20 23:25,31.046,34.852,7132,38,597,6483
4/2/20 23:25,41.872,12.567,115242,13915,18278,83049
4/2/20 23:25,18.11,-77.297,47,3,2,42
4/2/20 23:25,36.205,138.253,2495,62,472,1961
4/2/20 23:25,31.24,36.51,299,5,45,249
4/2/20 23:25,48.02,66.924,435,3,27,405
4/2/20 23:25,-0.024,37.906,110,3,4,103
4/2/20 23:25,35.908,127.767,9976,169,5828,3979
4/2/20 23:25,42.603,20.903,125,1,10,114
4/2/20 23:25,29.312,47.482,342,0,81,261
4/2/20 23:25,41.204,74.766,116,0,5,111
4/2/20 23:25,19.856,102.495,10,0,0,10
4/2/20 23:25,56.88,24.603,458,0,31,427
4/2/20 23:25,33.855,35.862,494,16,46,432
4/2/20 23:25,6.428,-9.429,6,0,0,6
4/2/20 23:25,26.335,17.228,11,1,0,10
4/2/20 23:25,47.14,9.55,75,0,0,75
4/2/20 23:25,55.169,23.881,649,9,7,633
4/2/20 23:25,49.815,6.13,2487,30,80,2377
4/2/20 23:25,0.0,0.0,9,2,0,7
4/2/20 23:25,-18.767,46.869,59,0,0,59
4/2/20 23:25,-13.254,34.302,3,0,0,3
4/2/20 23:25,4.21,101.976,3116,50,767,2299
4/2/20 23:25,3.203,73.221,19,0,13,6
4/2/20 23:25,17.571,-3.996,36,3,0,33
4/2/20 23:25,35.938,14.375,196,0,2,194
4/2/20 23:25,21.008,-10.941,6,1,2,3
4/2/20 23:25,-20.348,57.552,169,7,0,162
4/2/20 23:25,23.634,-102.553,1378,37,35,1306
4/2/20 23:25,47.412,28.37,505,6,23,476
4/2/20 23:25,43.733,7.417,60,1,2,57
4/2/20 23:25,46.862,103.847,14,0,2,12
4/2/20 23:25,42.709,19.374,144,2,0,142
4/2/20 23:25,31.792,-7.093,708,44,31,633
4/2/20 23:25,-18.666,35.53,10,0,0,10
4/2/20 23:25,-22.958,18.49,14,0,3,11
4/2/20 23:25,28.167,84.25,6,0,1,5
4/2/20 23:25,52.133,5.291,14697,1339,250,13108
4/2/20 23:25,-40.901,174.886,797,1,92,704
4/2/20 23:25,12.865,-85.207,5,1,0,4
4/2/20 23:25,17.608,8.082,98,5,0,93
4/2/20 23:25,9.082,8.675,184,2,20,162
4/2/20 23:25,41.609,21.745,384,11,17,356
4/2/20 23:25,60.472,8.469,5147,50,32,5065
4/2/20 23:25,21.513,55.923,231,1,57,173
4/2/20 23:25,30.375,69.345,2421,34,125,2262
4/2/20 23:25,8.538,-80.782,1317,32,9,1276
4/2/20 23:25,-6.315,143.956,1,0,0,1
4/2/20 23:25,-23.442,-58.444,77,3,2,72
4/2/20 23:25,-9.19,-75.015,1414,55,537,822
4/2/20 23:25,12.88,121.774,2633,107,51,2475
4/2/20 23:25,51.919,19.145,2946,57,56,2833
4/2/20 23:25,39.4,-8.225,9034,209,68,8757
4/2/20 23:25,25.355,51.184,949,3,72,874
4/2/20 23:25,45.943,24.967,2738,115,267,2356
4/2/20 23:25,61.524,105.319,3548,30,235,3283
4/2/20 23:25,-1.94,29.874,84,0,0,84
4/2/20 23:25,17.358,-62.783,9,0,0,9
4/2/20 23:25,13.909,-60.979,13,0,1,12
4/2/20 23:25,12.984,-61.287,2,0,1,1
4/2/20 23:31,-13.759,-172.105,0,0,0,0
4/2/20 23:25,43.942,12.458,245,30,21,194
4/2/20 23:25,23.886,45.079,1885,21,328,1536
4/2/20 23:25,14.497,-14.452,195,1,55,139
4/2/20 23:25,44.017,21.006,1171,31,0,1140
4/2/20 23:25,-4.68,55.492,10,0,0,10
4/2/20 23:25,8.461,-11.78,2,0,0,2
4/2/20 23:25,1.283,103.833,1049,4,266,779
4/2/20 23:25,48.669,19.699,426,1,5,420
4/2/20 23:25,46.151,14.995,897,17,70,810
4/2/20 23:25,5.152,46.2,5,0,1,4
4/2/20 23:25,-30.559,22.938,1462,5,50,1407
4/2/20 23:25,40.464,-3.749,112065,10348,26743,74974
4/2/20 23:25,7.873,80.772,151,4,21,126
4/2/20 23:25,12.863,30.218,8,2,2,4
4/2/20 23:25,3.919,-56.028,10,0,0,10
4/2/20 23:25,60.128,18.644,5568,308,103,5157
4/2/20 23:25,46.818,8.227,18827,536,4013,14278
4/2/20 23:25,34.802,38.997,16,2,0,14
4/2/20 11:09,23.7,121.0,339,5,45,289
4/2/20 23:25,-6.369,34.889,20,1,2,17
4/2/20 23:25,15.87,100.993,1875,15,505,1355
4/2/20 23:25,-8.874,125.728,1,0,0,1
4/2/20 23:25,8.62,0.825,39,2,17,20
4/2/20 23:25,10.692,-61.222,94,5,1,88
4/2/20 23:25,33.887,9.537,455,14,5,436
4/2/20 23:25,38.964,35.243,18135,356,415,17364
4/2/20 23:25,1.373,32.29,45,0,0,45
4/2/20 23:25,48.379,31.166,897,22,19,856
4/2/20 23:25,23.424,53.848,1024,8,96,920
4/2/20 23:25,55.378,-3.436,33718,2921,135,30662
4/2/20 23:25,-32.523,-55.766,350,4,62,284
4/2/20 23:25,41.377,64.585,205,2,25,178
4/2/20 23:25,6.424,-66.59,146,5,43,98
4/2/20 23:25,14.058,108.277,233,0,75,158
4/2/20 23:25,31.952,35.233,161,1,18,142
4/2/20 23:25,-13.134,27.849,39,1,0,38
4/2/20 23:25,-19.015,29.155,9,1,0,8
4/2/20 23:25,0.0,0.0,0,0,0,0
