4/4/20 23:34,34.223,-82.462,6,0,0,0
4/4/20 23:34,30.295,-92.414,65,2,0,0
4/4/20 23:34,37.767,-75.632,8,0,0,0
4/4/20 23:34,43.453,-116.242,360,3,0,0
4/4/20 23:34,41.331,-94.471,1,0,0,0
4/4/20 23:34,37.105,-85.281,3,0,0,0
4/4/20 23:34,40.191,-92.601,10,0,0,0
4/4/20 23:34,35.885,-94.659,14,0,0,0
4/4/20 23:34,39.874,-104.336,294,9,0,0
4/4/20 23:34,44.893,-116.455,1,0,0,0
4/4/20 23:34,39.988,-91.188,3,0,0,0
4/4/20 23:34,40.746,-84.937,2,0,0,0
4/4/20 23:34,31.477,-91.353,16,0,0,0
4/4/20 23:34,40.524,-98.501,8,0,0,0
4/4/20 23:34,38.845,-83.472,1,0,0,0
4/4/20 23:34,39.871,-77.216,21,0,0,0
4/4/20 23:34,46.983,-118.56,20,0,0,0
4/4/20 23:34,43.97,-89.768,1,0,0,0
4/4/20 23:34,44.032,-73.141,34,0,0,0
4/4/20 23:34,33.543,-81.636,24,1,0,0
4/4/20 23:34,29.679,-82.359,116,0,0,0
4/4/20 23:34,36.043,-79.4,16,0,0,0
4/4/20 23:34,37.646,-121.893,443,12,0,0
4/4/20 23:34,37.573,-105.789,4,0,0,0
4/4/20 23:34,42.601,-73.977,293,6,0,0
4/4/20 23:34,41.655,-105.724,4,0,0,0
4/4/20 23:34,38.021,-78.555,27,0,0,0
4/4/20 23:34,34.881,-88.58,6,0,0,0
4/4/20 23:34,35.922,-81.178,2,0,0,0
4/4/20 23:34,38.814,-77.082,68,0,0,0
4/4/20 23:34,43.284,-91.379,16,1,0,0
4/4/20 23:34,42.591,-85.891,10,0,0,0
4/4/20 23:34,39.624,-78.693,3,0,0,0
4/4/20 23:34,42.257,-78.028,16,1,0,0
4/4/20 23:34,36.494,-81.129,2,0,0,0
4/4/20 23:34,37.786,-80.002,2,0,0,0
4/4/20 23:34,40.468,-79.982,552,3,0,0
4/4/20 23:34,41.092,-85.068,59,2,0,0
4/4/20 23:34,36.752,-86.195,2,0,0,0
4/4/20 23:34,30.654,-92.824,39,3,0,0
4/4/20 23:34,40.773,-84.108,15,0,0,0
4/4/20 23:34,32.988,-81.353,2,0,0,0
4/4/20 23:34,38.597,-119.822,1,0,0,0
4/4/20 23:34,38.446,-120.657,3,0,0,0
4/4/20 23:34,37.341,-77.986,6,0,0,0
4/4/20 23:34,37.603,-79.145,6,0,0,0
4/4/20 23:34,31.175,-90.805,6,1,0,0
4/4/20 23:34,61.15,-149.143,81,1,0,0
4/4/20 23:34,38.007,-84.992,3,1,0,0
4/4/20 23:34,34.518,-82.64,68,3,0,0
4/4/20 23:34,36.127,-84.2,10,0,0,0
4/4/20 23:34,31.815,-95.654,1,0,0,0
4/4/20 23:34,32.305,-102.638,1,0,0,0
4/4/20 23:34,44.166,-70.204,20,0,0,0
4/4/20 23:34,31.255,-94.609,10,0,0,0
4/4/20 23:34,39.007,-76.603,289,6,0,0
4/4/20 23:34,45.275,-93.246,36,0,0,0
4/4/20 23:34,34.974,-80.1,3,0,0,0
4/4/20 23:34,42.177,-98.067,1,0,0,0
4/4/20 23:34,44.997,-85.155,4,0,0,0
4/4/20 23:34,35.395,-109.489,42,0,0,0
4/4/20 23:34,40.743,-92.869,1,0,0,0
4/4/20 23:34,31.748,-82.289,5,0,0,0
4/4/20 23:34,39.65,-104.335,500,10,0,0
4/4/20 23:34,37.195,-107.048,1,0,0,0
4/4/20 23:34,44.064,-83.893,3,0,0,0
4/4/20 23:34,34.291,-91.373,1,0,0,0
4/4/20 23:34,38.877,-77.101,150,2,0,0
4/4/20 23:34,40.817,-79.463,12,0,0,0
4/4/20 23:34,46.659,-68.598,1,0,0,0
4/4/20 23:34,30.204,-90.913,284,7,0,0
4/4/20 23:34,36.433,-81.499,1,0,0,0
4/4/20 23:34,40.848,-82.273,3,0,0,0
4/4/20 23:34,46.32,-90.678,1,0,0,0
4/4/20 23:34,33.192,-91.77,1,0,0,0
4/4/20 23:34,41.709,-80.748,11,0,0,0
4/4/20 23:34,46.189,-117.202,1,0,0,0
4/4/20 23:34,29.899,-91.065,56,0,0,0
4/4/20 23:34,28.893,-98.527,2,0,0,0
4/4/20 23:34,39.532,-95.309,2,0,0,0
4/4/20 23:34,40.432,-95.43,1,0,0,0
4/4/20 23:34,39.334,-82.043,3,1,0,0
4/4/20 23:34,39.475,-74.658,98,1,0,0
4/4/20 23:34,34.374,-96.038,1,0,0,0
4/4/20 23:34,33.087,-89.578,14,0,0,0
4/4/20 23:34,41.684,-94.906,1,0,0,0
4/4/20 23:34,40.56,-84.224,6,0,0,0
4/4/20 23:34,38.164,-79.125,7,0,0,0
4/4/20 23:34,43.718,-98.561,1,0,0,0
4/4/20 23:34,29.885,-96.277,4,0,0,0
4/4/20 23:34,32.54,-86.644,12,0,0,0
4/4/20 23:34,31.078,-92.001,36,1,0,0
4/4/20 23:34,37.319,-102.56,9,0,0,0
4/4/20 23:34,31.555,-82.459,6,0,0,0
4/4/20 23:34,30.331,-82.285,11,0,0,0
4/4/20 23:34,31.327,-84.442,4,1,0,0
4/4/20 23:34,30.728,-87.722,34,1,0,0
4/4/20 23:34,33.069,-83.247,11,1,0,0
4/4/20 23:34,39.458,-76.629,491,4,0,0
4/4/20 23:34,39.302,-76.612,343,6,0,0
4/4/20 23:34,33.219,-81.057,5,0,0,0
4/4/20 23:34,34.356,-83.496,3,0,0,0
4/4/20 23:34,42.67,-112.223,5,0,0,0
4/4/20 23:34,31.868,-85.387,3,0,0,0
4/4/20 23:34,39.131,-80.004,2,0,0,0
4/4/20 23:34,46.936,-98.066,2,0,0,0
4/4/20 23:34,41.73,-70.289,330,6,0,0
4/4/20 23:34,33.267,-81.436,2,0,0,0
4/4/20 23:34,36.965,-85.933,1,0,0,0
4/4/20 23:34,45.424,-91.848,1,0,0,0
4/4/20 23:34,33.991,-83.714,22,2,0,0
4/4/20 23:34,42.595,-85.308,5,0,0,0
4/4/20 23:34,36.71,-93.829,1,0,0,0
4/4/20 23:34,39.207,-85.896,45,0,0,0
4/4/20 23:34,38.479,-98.756,3,0,0,0
4/4/20 23:34,34.237,-84.839,160,7,0,0
4/4/20 23:34,30.104,-97.312,10,0,0,0
4/4/20 23:34,38.253,-94.341,3,0,0,0
4/4/20 23:34,38.147,-83.746,1,0,0,0
4/4/20 23:34,36.288,-92.338,1,0,0,0
4/4/20 23:34,30.265,-85.621,23,1,0,0
4/4/20 23:34,43.706,-83.987,24,0,0,0
4/4/20 23:34,46.529,-91.197,3,0,0,0
4/4/20 23:34,44.415,-98.279,21,1,0,0
4/4/20 23:34,35.485,-76.843,9,0,0,0
4/4/20 23:34,32.392,-80.726,148,3,0,0
4/4/20 23:34,30.648,-93.342,15,0,0,0
4/4/20 23:34,40.683,-80.349,69,6,0,0
4/4/20 23:34,45.134,-112.898,1,0,0,0
4/4/20 23:34,35.269,-99.681,1,0,0,0
4/4/20 23:34,40.005,-78.49,4,0,0,0
4/4/20 23:34,35.511,-86.455,8,0,0,0
4/4/20 23:34,37.308,-79.528,4,0,0,0
4/4/20 23:34,43.516,-71.417,14,0,0,0
4/4/20 23:34,31.037,-97.479,58,1,0,0
4/4/20 23:34,40.016,-80.992,17,0,0,0
4/4/20 23:34,47.974,-94.937,5,0,0,0
4/4/20 23:34,31.761,-83.221,4,0,0,0
4/4/20 23:34,43.035,-73.09,23,0,0,0
4/4/20 23:34,36.336,-94.257,42,0,0,0
4/4/20 23:34,42.08,-92.065,7,0,0,0
4/4/20 23:34,45.698,-93.995,1,0,0,0
4/4/20 23:34,34.817,-89.189,5,0,0,0
4/4/20 23:34,38.295,-93.288,3,0,0,0
4/4/20 23:34,44.492,-123.432,17,1,0,0
4/4/20 23:34,36.071,-88.068,4,0,0,0
4/4/20 23:34,46.239,-119.512,151,24,0,0
4/4/20 23:34,40.96,-74.072,5760,179,0,0
4/4/20 23:34,33.202,-79.947,45,0,0,0
4/4/20 23:34,39.467,-78.024,49,0,0,0
4/4/20 23:34,40.416,-75.925,235,2,0,0
4/4/20 23:34,42.374,-73.205,253,8,0,0
4/4/20 23:34,35.052,-106.67,202,7,0,0
4/4/20 23:34,31.276,-83.225,3,0,0,0
4/4/20 23:34,41.954,-86.413,56,1,0,0
4/4/20 23:34,36.069,-76.965,7,1,0,0
4/4/20 23:34,29.449,-98.52,342,9,0,0
4/4/20 23:34,32.996,-87.125,4,0,0,0
4/4/20 23:34,32.809,-83.705,36,1,0,0
4/4/20 23:34,32.346,-93.054,10,1,0,0
4/4/20 23:34,45.427,-96.414,1,0,0,0
4/4/20 23:34,43.217,-112.398,2,0,0,0
4/4/20 23:34,42.47,-92.305,10,0,0,0
4/4/20 23:34,40.474,-85.325,2,0,0,0
4/4/20 23:34,34.613,-78.562,1,0,0,0
4/4/20 23:34,43.409,-113.975,405,2,0,0
4/4/20 23:34,40.48,-78.349,5,0,0,0
4/4/20 23:34,30.266,-98.4,2,0,0,0
4/4/20 23:34,32.438,-83.33,1,0,0,0
4/4/20 23:34,35.599,-85.206,2,0,0,0
4/4/20 23:34,33.982,-86.568,12,0,0,0
4/4/20 23:34,35.689,-83.928,34,0,0,0
4/4/20 23:34,44.036,-94.067,14,0,0,0
4/4/20 23:34,33.797,-90.874,34,1,0,0
4/4/20 23:34,37.324,-90.027,1,0,0,0
4/4/20 23:34,42.989,-97.886,1,0,0,0
4/4/20 23:34,38.888,-89.435,3,0,0,0
4/4/20 23:34,48.3,-116.602,2,0,0,0
4/4/20 23:34,43.387,-111.616,5,0,0,0
4/4/20 23:34,36.308,-93.094,1,0,0,0
4/4/20 23:34,40.051,-86.468,50,0,0,0
4/4/20 23:34,42.037,-93.931,2,0,0,0
4/4/20 23:34,38.971,-84.726,11,1,0,0
4/4/20 23:34,38.992,-92.307,75,1,0,0
4/4/20 23:34,32.679,-93.605,126,2,0,0
4/4/20 23:34,37.555,-79.81,14,0,0,0
4/4/20 23:34,40.093,-105.355,143,2,0,0
4/4/20 23:34,37.855,-94.849,3,0,0,0
4/4/20 23:34,38.205,-84.218,4,1,0,0
4/4/20 23:34,33.446,-94.418,17,1,0,0
4/4/20 23:34,41.521,-113.083,10,0,0,0
4/4/20 23:34,38.362,-82.687,13,1,0,0
4/4/20 23:34,37.627,-84.863,7,0,0,0
4/4/20 23:34,38.692,-84.085,1,0,0,0
4/4/20 23:34,29.951,-82.166,6,0,0,0
4/4/20 23:34,41.789,-76.516,10,0,0,0
4/4/20 23:34,33.468,-92.16,4,0,0,0
4/4/20 23:34,35.157,-84.857,21,0,0,0
4/4/20 23:34,41.916,-85.059,10,0,0,0
4/4/20 23:34,29.188,-95.446,144,1,0,0
4/4/20 23:34,30.664,-96.302,75,5,0,0
4/4/20 23:34,37.523,-83.32,1,0,0,0
4/4/20 23:34,42.775,-92.318,2,0,0,0
4/4/20 23:34,28.294,-80.731,72,0,0,0
4/4/20 23:34,41.792,-71.109,601,5,0,0
4/4/20 23:34,41.71,-71.287,21,0,0,0
4/4/20 23:34,36.616,-82.164,1,0,0,0
4/4/20 23:34,46.333,-111.496,4,0,0,0
4/4/20 23:34,44.37,-96.791,3,0,0,0
4/4/20 23:34,30.839,-83.583,5,0,0,0
4/4/20 23:34,42.159,-75.813,65,4,0,0
4/4/20 23:34,39.96,-105.057,36,2,0,0
4/4/20 23:34,26.152,-80.487,1765,31,0,0
4/4/20 23:34,39.196,-86.229,4,0,0,0
4/4/20 23:34,44.242,-94.726,3,0,0,0
4/4/20 23:34,38.934,-83.868,3,1,0,0
4/4/20 23:34,45.59,-98.352,9,0,0,0
4/4/20 23:34,31.774,-98.999,4,0,0,0
4/4/20 23:34,44.453,-88.004,24,0,0,0
4/4/20 23:34,34.071,-78.228,24,1,0,0
4/4/20 23:34,36.764,-77.859,1,0,0,0
4/4/20 23:34,32.01,-81.44,15,1,0,0
4/4/20 23:34,33.965,-96.259,3,0,0,0
4/4/20 23:34,42.471,-91.835,3,0,0,0
4/4/20 23:34,39.658,-94.801,8,0,0,0
4/4/20 23:34,37.572,-78.525,4,0,0,0
4/4/20 23:34,40.337,-75.108,517,11,0,0
4/4/20 23:34,37.735,-79.353,1,0,0,0
4/4/20 23:34,40.855,-99.075,14,1,0,0
4/4/20 23:34,44.378,-91.753,2,0,0,0
4/4/20 23:34,37.972,-85.69,11,2,0,0
4/4/20 23:34,32.396,-81.748,5,0,0,0
4/4/20 23:34,32.1,-85.713,2,0,0,0
4/4/20 23:34,35.611,-82.533,31,1,0,0
4/4/20 23:34,41.404,-89.528,3,0,0,0
4/4/20 23:34,33.059,-81.999,8,0,0,0
4/4/20 23:34,35.75,-81.708,13,1,0,0
4/4/20 23:34,48.791,-102.518,2,0,0,0
4/4/20 23:34,46.978,-100.465,34,0,0,0
4/4/20 23:34,30.493,-96.622,2,0,0,0
4/4/20 23:34,39.877,-74.669,469,10,0,0
4/4/20 23:34,30.788,-98.182,4,0,0,0
4/4/20 23:34,31.753,-86.681,1,0,0,0
4/4/20 23:34,42.732,-92.79,1,0,0,0
4/4/20 23:34,37.781,-96.839,8,0,0,0
4/4/20 23:34,37.209,-86.687,1,0,0,0
4/4/20 23:34,36.715,-90.404,2,0,0,0
4/4/20 23:34,39.44,-84.574,59,1,0,0
4/4/20 23:34,40.912,-79.914,84,2,0,0
4/4/20 23:34,39.667,-121.601,11,0,0,0
4/4/20 23:34,33.283,-83.954,10,0,0,0
4/4/20 23:34,35.388,-80.553,65,1,0,0
4/4/20 23:34,38.424,-82.239,5,0,0,0
4/4/20 23:34,41.723,-111.744,16,0,0,0
4/4/20 23:34,32.58,-93.884,598,10,0,0
4/4/20 23:34,35.174,-98.375,4,0,0,0
4/4/20 23:34,38.205,-120.553,4,0,0,0
4/4/20 23:34,30.229,-93.354,135,3,0,0
4/4/20 23:34,37.147,-87.869,3,0,0,0
4/4/20 23:34,32.09,-92.118,3,0,0,0
4/4/20 23:34,39.656,-93.983,1,0,0,0
4/4/20 23:34,35.952,-81.548,5,0,0,0
4/4/20 23:34,29.837,-97.618,3,0,0,0
4/4/20 23:34,44.465,-72.103,5,0,0,0
4/4/20 23:34,33.775,-85.826,23,0,0,0
4/4/20 23:34,30.407,-85.194,3,0,0,0
4/4/20 23:34,31.532,-84.627,11,1,0,0
4/4/20 23:34,42.246,-85.005,34,1,0,0
4/4/20 23:34,33.937,-89.337,4,0,0,0
4/4/20 23:34,33.669,-80.777,4,1,0,0
4/4/20 23:34,28.47,-96.616,8,0,0,0
4/4/20 23:34,38.837,-91.922,18,0,0,0
4/4/20 23:34,36.621,-88.273,5,0,0,0
4/4/20 23:34,44.082,-88.218,3,0,0,0
4/4/20 23:34,38.54,-76.568,33,1,0,0
4/4/20 23:34,43.467,-114.807,1,0,0,0
4/4/20 23:34,40.495,-78.714,6,0,0,0
4/4/20 23:34,30.93,-81.666,6,0,0,0
4/4/20 23:34,38.022,-92.761,20,1,0,0
4/4/20 23:34,39.803,-74.964,481,8,0,0
4/4/20 23:34,41.436,-78.204,1,0,0,0
4/4/20 23:34,26.145,-97.481,62,0,0,0
4/4/20 23:34,32.972,-94.978,1,0,0,0
4/4/20 23:34,38.944,-84.379,12,1,0,0
4/4/20 23:34,36.404,-84.151,5,0,0,0
4/4/20 23:34,37.206,-79.097,2,0,0,0
4/4/20 23:34,44.249,-105.547,7,0,0,0
4/4/20 23:34,35.543,-97.985,32,1,0,0
4/4/20 23:34,32.402,-82.077,1,0,0,0
4/4/20 23:34,35.81,-86.057,4,0,0,0
4/4/20 23:34,43.62,-116.71,89,1,0,0
4/4/20 23:34,37.385,-89.684,16,0,0,0
4/4/20 23:34,39.15,-74.802,50,0,0,0
4/4/20 23:34,45.229,-109.027,1,0,0,0
4/4/20 23:34,40.915,-75.707,46,1,0,0
4/4/20 23:34,39.648,-110.587,1,0,0,0
4/4/20 23:34,41.694,-106.933,4,0,0,0
4/4/20 23:34,46.592,-92.676,8,0,0,0
4/4/20 23:34,38.872,-75.829,4,0,0,0
4/4/20 23:34,38.027,-77.349,1,0,0,0
4/4/20 23:34,36.34,-93.543,1,0,0,0
4/4/20 23:34,33.581,-85.08,149,2,0,0
4/4/20 23:34,42.068,-89.934,4,1,0,0
4/4/20 23:34,40.581,-86.562,3,0,0,0
4/4/20 23:34,42.036,-94.86,1,0,0,0
4/4/20 23:34,38.666,-85.126,2,0,0,0
4/4/20 23:34,39.565,-77.024,134,6,0,0
4/4/20 23:34,33.448,-89.92,5,0,0,0
4/4/20 23:34,43.875,-71.204,17,0,0,0
4/4/20 23:34,40.579,-81.092,8,0,0,0
4/4/20 23:34,35.974,-88.452,6,0,0,0
4/4/20 23:34,36.731,-80.735,1,0,0,0
4/4/20 23:34,39.155,-119.748,10,0,0,0
4/4/20 23:34,38.317,-83.051,1,0,0,0
4/4/20 23:34,36.942,-90.961,3,0,0,0
4/4/20 23:34,34.251,-97.286,1,0,0,0
4/4/20 23:34,36.29,-82.126,3,0,0,0
4/4/20 23:34,34.893,-76.541,16,0,0,0
4/4/20 23:34,44.82,-93.801,10,0,0,0
4/4/20 23:34,47.308,-111.347,11,0,0,0
4/4/20 23:34,40.761,-86.348,4,0,0,0
4/4/20 23:34,41.915,-85.994,6,1,0,0
4/4/20 23:34,46.95,-94.326,1,0,0,0
4/4/20 23:34,38.648,-94.353,22,1,0,0
4/4/20 23:34,40.909,-96.14,2,0,0,0
4/4/20 23:34,46.932,-97.244,48,1,0,0
4/4/20 23:34,33.075,-94.346,4,0,0,0
4/4/20 23:34,42.283,-113.601,4,1,0,0
4/4/20 23:34,34.53,-102.262,11,1,0,0
4/4/20 23:34,36.393,-79.334,1,0,0,0
4/4/20 23:34,31.668,-91.845,9,1,0,0
4/4/20 23:34,35.662,-81.213,22,1,0,0
4/4/20 23:34,34.899,-85.138,6,0,0,0
4/4/20 23:34,33.915,-108.405,1,0,0,0
4/4/20 23:34,42.248,-78.679,9,0,0,0
4/4/20 23:34,42.913,-76.557,7,0,0,0
4/4/20 23:34,39.566,-75.946,33,1,0,0
4/4/20 23:34,41.772,-91.132,11,0,0,0
4/4/20 23:34,37.724,-93.854,5,0,0,0
4/4/20 23:34,40.921,-77.822,39,0,0,0
4/4/20 23:34,43.082,-93.261,10,0,0,0
4/4/20 23:34,38.747,-106.193,19,2,0,0
4/4/20 23:34,32.914,-85.391,91,6,0,0
4/4/20 23:34,29.71,-94.672,11,0,0,0
4/4/20 23:34,40.139,-88.2,55,0,0,0
4/4/20 23:34,40.139,-83.769,5,0,0,0
4/4/20 23:34,39.515,-92.963,4,0,0,0
4/4/20 23:34,38.511,-76.986,95,1,0,0
4/4/20 23:34,37.354,-77.056,4,0,0,0
4/4/20 23:34,43.207,-98.589,2,0,0,0
4/4/20 23:34,32.825,-79.965,274,1,0,0
4/4/20 23:34,45.378,-85.196,7,1,0,0
4/4/20 23:34,26.901,-81.929,46,1,0,0
4/4/20 23:34,37.019,-78.663,1,0,0,0
4/4/20 23:34,38.035,-78.486,21,1,0,0
4/4/20 23:34,30.784,-82.14,1,0,0,0
4/4/20 23:34,32.0,-81.125,64,3,0,0
4/4/20 23:34,35.704,-79.255,21,0,0,0
4/4/20 23:34,32.343,-84.788,2,0,0,0
4/4/20 23:34,34.472,-85.345,3,0,0,0
4/4/20 23:34,37.15,-96.245,3,0,0,0
4/4/20 23:34,42.228,-79.367,10,1,0,0
4/4/20 23:34,33.364,-104.467,13,0,0,0
4/4/20 23:34,36.261,-87.089,12,0,0,0
4/4/20 23:34,45.448,-84.501,7,0,0,0
4/4/20 23:34,47.87,-120.617,24,2,0,0
4/4/20 23:34,42.139,-76.764,36,0,0,0
4/4/20 23:34,42.494,-75.609,39,0,0,0
4/4/20 23:34,34.178,-85.606,5,0,0,0
4/4/20 23:34,34.244,-84.474,114,5,0,0
4/4/20 23:34,37.169,-94.846,5,0,0,0
4/4/20 23:34,35.135,-84.06,11,1,0,0
4/4/20 23:34,35.907,-95.0,10,0,0,0
4/4/20 23:34,35.051,-81.618,2,0,0,0
4/4/20 23:34,31.837,-95.166,6,0,0,0
4/4/20 23:34,42.545,-101.124,1,0,0,0
4/4/20 23:34,36.677,-76.305,65,0,0,0
4/4/20 23:34,42.92,-72.253,9,0,0,0
4/4/20 23:34,39.973,-75.748,250,2,0,0
4/4/20 23:34,34.692,-81.158,12,0,0,0
4/4/20 23:34,35.425,-88.61,6,0,0,0
4/4/20 23:34,34.641,-80.156,13,0,0,0
4/4/20 23:34,37.374,-77.587,106,0,0,0
4/4/20 23:34,33.92,-88.948,15,2,0,0
4/4/20 23:34,33.265,-91.295,2,0,0,0
4/4/20 23:34,32.85,-86.717,15,0,0,0
4/4/20 23:34,46.296,-84.544,1,0,0,0
4/4/20 23:34,45.069,-91.281,14,0,0,0
4/4/20 23:34,45.502,-92.909,4,1,0,0
4/4/20 23:34,44.463,-73.084,245,4,0,0
4/4/20 23:34,32.022,-88.266,5,0,0,0
4/4/20 23:34,33.346,-89.248,8,0,0,0
4/4/20 23:34,34.028,-95.548,2,0,0,0
4/4/20 23:34,36.129,-76.601,1,0,0,0
4/4/20 23:34,39.546,-89.278,17,2,0,0
4/4/20 23:34,36.893,-87.491,23,0,0,0
4/4/20 23:34,36.971,-93.185,16,0,0,0
4/4/20 23:34,34.911,-107.999,11,0,0,0
4/4/20 23:34,28.848,-82.476,34,2,0,0
4/4/20 23:34,45.188,-122.218,66,3,0,0
4/4/20 23:34,32.823,-92.995,20,2,0,0
4/4/20 23:34,31.971,-90.907,1,0,0,0
4/4/20 23:34,36.483,-83.659,2,0,0,0
4/4/20 23:34,48.048,-123.923,8,0,0,0
4/4/20 23:34,43.988,-84.848,1,0,0,0
4/4/20 23:34,33.666,-80.216,45,1,0,0
4/4/20 23:34,41.193,-79.424,4,0,0,0
4/4/20 23:34,34.046,-93.175,27,0,0,0
4/4/20 23:34,39.334,-87.787,2,0,0,0
4/4/20 23:34,38.48,-85.705,61,3,0,0
4/4/20 23:34,37.969,-84.146,11,0,0,0
4/4/20 23:34,40.41,-91.737,1,0,0,0
4/4/20 23:34,36.215,-115.013,1418,41,0,0
4/4/20 23:34,39.916,-83.785,7,0,0,0
4/4/20 23:34,44.858,-97.729,1,0,0,0
4/4/20 23:34,45.776,-122.483,137,9,0,0
4/4/20 23:34,44.735,-90.612,6,0,0,0
4/4/20 23:34,31.681,-87.835,7,0,0,0
4/4/20 23:34,33.954,-83.371,60,8,0,0
4/4/20 23:34,32.042,-88.689,5,0,0,0
4/4/20 23:34,39.113,-77.992,2,0,0,0
4/4/20 23:34,45.997,-123.661,4,0,0,0
4/4/20 23:34,33.27,-85.858,9,0,0,0
4/4/20 23:34,29.983,-81.856,74,6,0,0
4/4/20 23:34,31.622,-84.977,7,0,0,0
4/4/20 23:34,39.396,-87.117,3,0,0,0
4/4/20 23:34,43.082,-95.151,2,0,0,0
4/4/20 23:34,39.349,-97.165,1,0,0,0
4/4/20 23:34,46.893,-96.488,13,0,0,0
4/4/20 23:34,33.654,-88.778,7,0,0,0
4/4/20 23:34,39.311,-94.419,32,0,0,0
4/4/20 23:34,35.057,-83.744,3,0,0,0
4/4/20 23:34,42.913,-96.977,3,0,0,0
4/4/20 23:34,36.552,-85.539,1,0,0,0
4/4/20 23:34,33.787,-98.208,1,0,0,0
4/4/20 23:34,33.542,-84.356,224,9,0,0
4/4/20 23:34,42.844,-91.341,3,0,0,0
4/4/20 23:34,39.689,-105.646,6,0,0,0
4/4/20 23:34,41.001,-78.476,7,0,0,0
4/4/20 23:34,47.58,-95.378,2,0,0,0
4/4/20 23:34,33.677,-85.52,7,0,0,0
4/4/20 23:34,35.539,-92.026,65,2,0,0
4/4/20 23:34,39.048,-84.154,20,1,0,0
4/4/20 23:34,33.897,-92.185,5,0,0,0
4/4/20 23:34,35.336,-81.552,15,0,0,0
4/4/20 23:34,35.204,-97.325,169,8,0,0
4/4/20 23:34,30.914,-82.704,2,0,0,0
4/4/20 23:34,38.607,-89.424,10,0,0,0
4/4/20 23:34,40.303,-86.473,3,0,0,0
4/4/20 23:34,41.9,-90.533,15,0,0,0
4/4/20 23:34,36.726,-85.134,1,0,0,0
4/4/20 23:34,42.944,-84.601,54,1,0,0
4/4/20 23:34,39.601,-94.405,7,0,0,0
4/4/20 23:34,44.745,-73.679,31,0,0,0
4/4/20 23:34,39.415,-83.809,7,0,0,0
4/4/20 23:34,41.233,-77.638,1,0,0,0
4/4/20 23:34,39.48,-97.649,1,0,0,0
4/4/20 23:34,34.228,-90.604,27,1,0,0
4/4/20 23:34,33.942,-84.576,428,20,0,0
4/4/20 23:34,31.879,-109.752,7,0,0,0
4/4/20 23:34,35.928,-83.118,1,0,0,0
4/4/20 23:34,35.839,-111.771,196,10,0,0
4/4/20 23:34,44.978,-97.188,9,0,0,0
4/4/20 23:34,31.399,-85.989,8,0,0,0
4/4/20 23:34,31.549,-82.855,15,0,0,0
4/4/20 23:34,35.491,-86.073,4,0,0,0
4/4/20 23:34,38.237,-95.734,23,1,0,0
4/4/20 23:34,34.698,-87.802,6,0,0,0
4/4/20 23:34,38.505,-92.279,28,0,0,0
4/4/20 23:34,41.575,-97.087,1,0,0,0
4/4/20 23:34,32.876,-80.676,9,0,0,0
4/4/20 23:34,26.111,-81.347,221,2,0,0
4/4/20 23:34,33.188,-96.573,256,3,0,0
4/4/20 23:34,29.622,-96.527,2,0,0,0
4/4/20 23:34,31.188,-83.768,46,3,0,0
4/4/20 23:34,33.212,-93.226,1,0,0,0
4/4/20 23:34,30.225,-82.622,10,0,0,0
4/4/20 23:34,33.545,-82.264,33,0,0,0
4/4/20 23:34,42.248,-73.631,57,2,0,0
4/4/20 23:34,45.945,-123.089,1,0,0,0
4/4/20 23:34,41.048,-76.406,20,0,0,0
4/4/20 23:34,46.294,-117.905,1,0,0,0
4/4/20 23:34,43.465,-89.336,18,0,0,0
4/4/20 23:34,40.769,-80.781,36,5,0,0
4/4/20 23:34,34.267,-78.658,6,0,0,0
4/4/20 23:34,39.179,-122.233,2,0,0,0
4/4/20 23:34,29.808,-98.276,21,2,0,0
4/4/20 23:34,34.66,-98.472,37,0,0,0
4/4/20 23:34,31.949,-98.559,2,0,0,0
4/4/20 23:34,31.448,-91.638,5,1,0,0
4/4/20 23:34,31.434,-86.993,1,0,0,0
4/4/20 23:34,37.919,-121.929,307,5,0,0
4/4/20 23:34,42.973,-105.508,3,0,0,0
4/4/20 23:34,35.262,-92.705,1,1,0,0
4/4/20 23:34,31.161,-83.429,1,0,0,0
4/4/20 23:34,41.841,-87.817,7439,167,0,0
4/4/20 23:34,38.844,-92.809,2,0,0,0
4/4/20 23:34,44.691,-71.306,1,0,0,0
4/4/20 23:34,32.937,-86.248,5,0,0,0
4/4/20 23:34,31.87,-90.446,12,0,0,0
4/4/20 23:34,42.595,-76.07,14,0,0,0
4/4/20 23:34,31.391,-97.799,4,0,0,0
4/4/20 23:34,40.301,-81.917,8,0,0,0
4/4/20 23:34,37.277,-105.428,3,0,0,0
4/4/20 23:34,34.288,-98.371,4,0,0,0
4/4/20 23:34,44.007,-95.181,5,0,0,0
4/4/20 23:34,31.248,-86.451,5,0,0,0
4/4/20 23:34,31.632,-89.554,4,0,0,0
4/4/20 23:34,37.782,-79.986,1,0,0,0
4/4/20 23:34,33.353,-84.761,58,2,0,0
4/4/20 23:34,37.238,-96.838,1,0,0,0
4/4/20 23:34,46.191,-122.678,18,0,0,0
4/4/20 23:34,36.763,-95.209,3,0,0,0
4/4/20 23:34,35.83,-90.632,16,0,0,0
4/4/20 23:34,31.431,-102.514,2,0,0,0
4/4/20 23:34,35.118,-77.084,14,0,0,0
4/4/20 23:34,35.589,-94.245,1,0,0,0
4/4/20 23:34,39.003,-87.76,2,0,0,0
4/4/20 23:34,38.288,-86.445,5,0,0,0
4/4/20 23:34,42.037,-95.382,4,0,0,0
4/4/20 23:34,37.507,-94.852,4,1,0,0
4/4/20 23:34,44.683,-84.61,1,0,0,0
4/4/20 23:34,37.977,-91.305,2,0,0,0
4/4/20 23:34,40.851,-82.92,7,0,0,0
4/4/20 23:34,41.684,-80.108,5,0,0,0
4/4/20 23:34,43.239,-90.931,1,0,0,0
4/4/20 23:34,35.902,-96.371,43,1,0,0
4/4/20 23:34,31.729,-86.316,2,0,0,0
4/4/20 23:34,31.923,-83.768,25,0,0,0
4/4/20 23:34,35.212,-90.308,43,0,0,0
4/4/20 23:34,37.358,-88.088,1,0,0,0
4/4/20 23:34,44.142,-120.356,1,0,0,0
4/4/20 23:34,35.296,-90.772,5,0,0,0
4/4/20 23:34,46.481,-94.068,5,0,0,0
4/4/20 23:34,38.326,-103.784,1,1,0,0
4/4/20 23:34,34.13,-86.869,15,1,0,0
4/4/20 23:34,38.482,-77.956,8,0,0,0
4/4/20 23:34,39.274,-88.24,1,0,0,0
4/4/20 23:34,36.789,-85.391,1,0,0,0
4/4/20 23:34,43.837,-70.372,231,5,0,0
4/4/20 23:34,39.372,-75.107,40,2,0,0
4/4/20 23:34,35.048,-78.826,42,0,0,0
4/4/20 23:34,40.163,-77.261,54,2,0,0
4/4/20 23:34,35.953,-84.998,23,0,0,0
4/4/20 23:34,37.513,-78.244,2,0,0,0
4/4/20 23:34,41.916,-96.787,1,0,0,0
4/4/20 23:34,36.361,-75.959,2,0,0,0
4/4/20 23:34,34.574,-103.347,6,0,0,0
4/4/20 23:34,38.109,-105.368,2,0,0,0
4/4/20 23:34,44.242,-114.286,2,0,0,0
4/4/20 23:34,35.639,-99.002,5,0,0,0
4/4/20 23:34,41.424,-81.659,781,13,0,0
4/4/20 23:34,34.855,-85.505,1,1,0,0
4/4/20 23:34,44.672,-93.063,56,1,0,0
4/4/20 23:34,31.43,-85.611,2,0,0,0
4/4/20 23:34,32.327,-87.109,7,0,0,0
4/4/20 23:34,41.686,-94.041,33,0,0,0
4/4/20 23:34,32.767,-96.778,1105,28,0,0
4/4/20 23:34,43.066,-89.417,269,8,0,0
4/4/20 23:34,36.58,-79.404,12,0,0,0
4/4/20 23:34,35.665,-75.718,5,0,0,0
4/4/20 23:34,40.134,-84.619,28,2,0,0
4/4/20 23:34,34.334,-79.96,19,0,0,0
4/4/20 23:34,40.414,-76.78,99,1,0,0
4/4/20 23:34,35.791,-80.213,53,0,0,0
4/4/20 23:34,36.17,-86.786,741,6,0,0
4/4/20 23:34,35.931,-80.545,14,2,0,0
4/4/20 23:34,37.73,-87.09,55,1,0,0
4/4/20 23:34,40.99,-112.114,137,2,0,0
4/4/20 23:34,43.675,-98.145,3,0,0,0
4/4/20 23:34,34.442,-84.17,13,0,0,0
4/4/20 23:34,40.87,-99.82,1,0,0,0
4/4/20 23:34,32.743,-101.948,5,0,0,0
4/4/20 23:34,32.055,-93.741,71,3,0,0
4/4/20 23:34,40.175,-88.91,1,0,0,0
4/4/20 23:34,34.459,-85.808,13,0,0,0
4/4/20 23:34,33.769,-84.224,500,8,0,0
4/4/20 23:34,41.894,-88.77,19,0,0,0
4/4/20 23:34,41.398,-84.999,3,0,0,0
4/4/20 23:34,39.892,-94.405,1,0,0,0
4/4/20 23:34,35.976,-85.837,5,0,0,0
4/4/20 23:34,27.187,-81.809,11,1,0,0
4/4/20 23:34,34.876,-89.991,118,1,0,0
4/4/20 23:34,29.081,-97.357,6,0,0,0
4/4/20 23:34,34.965,-102.605,3,0,0,0
4/4/20 23:34,39.146,-84.973,30,1,0,0
4/4/20 23:34,30.88,-84.576,16,0,0,0
4/4/20 23:34,39.307,-85.501,79,4,0,0
4/4/20 23:34,46.06,-113.073,3,0,0,0
4/4/20 23:34,41.324,-84.491,7,0,0,0
4/4/20 23:34,41.742,-123.897,2,0,0,0
4/4/20 23:34,40.228,-85.397,33,1,0,0
4/4/20 23:34,42.198,-74.967,26,1,0,0
4/4/20 23:34,40.279,-83.005,69,1,0,0
4/4/20 23:34,36.408,-94.803,11,0,0,0
4/4/20 23:34,39.917,-75.402,616,13,0,0
4/4/20 23:34,38.862,-107.863,4,0,0,0
4/4/20 23:34,45.905,-86.908,5,0,0,0
4/4/20 23:34,33.205,-97.117,288,6,0,0
4/4/20 23:34,39.76,-104.873,716,14,0,0
4/4/20 23:34,40.92,-91.183,1,0,0,0
4/4/20 23:34,43.916,-121.229,36,0,0,0
4/4/20 23:34,33.83,-91.255,2,0,0,0
4/4/20 23:34,44.76,-96.669,1,0,0,0
4/4/20 23:34,43.378,-95.151,1,0,0,0
4/4/20 23:34,46.01,-87.87,1,1,0,0
4/4/20 23:34,36.147,-87.359,22,0,0,0
4/4/20 23:34,34.39,-79.377,1,0,0,0
4/4/20 23:34,38.904,-77.017,902,21,0,0
4/4/20 23:34,48.815,-103.487,1,0,0,0
4/4/20 23:34,29.606,-83.157,1,0,0,0
4/4/20 23:34,32.173,-83.169,5,0,0,0
4/4/20 23:34,44.022,-92.862,10,0,0,0
4/4/20 23:34,41.581,-96.656,6,0,0,0
4/4/20 23:34,43.416,-88.709,14,0,0,0
4/4/20 23:34,32.353,-106.833,22,0,0,0
4/4/20 23:34,39.791,-95.141,1,0,0,0
4/4/20 23:34,34.965,-100.814,5,0,0,0
4/4/20 23:34,32.156,-83.797,15,1,0,0
4/4/20 23:34,44.959,-87.3,2,0,0,0
4/4/20 23:34,38.454,-76.028,1,0,0,0
4/4/20 23:34,33.079,-80.405,45,0,0,0
4/4/20 23:34,31.533,-84.217,636,30,0,0
4/4/20 23:34,39.331,-104.93,194,2,0,0
4/4/20 23:34,33.703,-84.77,80,4,0,0
4/4/20 23:34,39.768,-88.219,9,0,0,0
4/4/20 23:34,38.885,-95.293,32,0,0,0
4/4/20 23:34,45.933,-95.453,1,0,0,0
4/4/20 23:34,41.295,-96.151,131,1,0,0
4/4/20 23:34,38.913,-119.617,7,0,0,0
4/4/20 23:34,43.279,-123.167,9,0,0,0
4/4/20 23:34,47.736,-119.693,9,0,0,0
4/4/20 23:34,46.432,-91.916,7,0,0,0
4/4/20 23:34,33.59,-91.718,1,0,0,0
4/4/20 23:34,41.851,-88.086,590,18,0,0
4/4/20 23:34,38.366,-86.879,4,0,0,0
4/4/20 23:34,42.468,-90.882,24,1,0,0
4/4/20 23:34,40.298,-110.425,1,0,0,0
4/4/20 23:34,41.407,-70.688,16,0,0,0
4/4/20 23:34,36.272,-90.091,7,0,0,0
4/4/20 23:34,47.354,-102.616,1,0,0,0
4/4/20 23:34,44.946,-91.896,5,0,0,0
4/4/20 23:34,34.934,-77.931,5,0,0,0
4/4/20 23:34,36.036,-78.876,182,1,0,0
4/4/20 23:34,41.765,-73.744,938,5,0,0
4/4/20 23:34,30.332,-81.67,387,9,0,0
4/4/20 23:34,36.059,-89.415,7,0,0,0
4/4/20 23:34,39.628,-106.693,333,5,0,0
4/4/20 23:34,31.322,-84.903,62,1,0,0
4/4/20 23:34,30.538,-91.098,621,14,0,0
4/4/20 23:34,32.739,-91.234,1,0,0,0
4/4/20 23:34,30.844,-91.05,22,0,0,0
4/4/20 23:34,32.327,-98.832,3,0,0,0
4/4/20 23:34,42.596,-84.837,53,2,0,0
4/4/20 23:34,44.727,-91.286,16,0,0,0
4/4/20 23:34,31.869,-102.543,22,0,0,0
4/4/20 23:34,32.472,-104.305,4,1,0,0
4/4/20 23:34,47.717,-98.904,1,0,0,0
4/4/20 23:34,35.912,-77.594,5,0,0,0
4/4/20 23:34,33.772,-81.962,5,0,0,0
4/4/20 23:34,37.212,-86.24,5,0,0,0
4/4/20 23:34,32.366,-81.343,7,0,0,0
4/4/20 23:34,39.059,-88.59,1,0,0,0
4/4/20 23:34,38.78,-120.523,22,0,0,0
4/4/20 23:34,38.832,-104.525,374,18,0,0
4/4/20 23:34,31.77,-106.236,103,0,0,0
4/4/20 23:34,39.287,-104.136,6,0,0,0
4/4/20 23:34,34.113,-82.839,1,0,0,0
4/4/20 23:34,41.598,-85.859,31,3,0,0
4/4/20 23:34,41.145,-115.358,8,1,0,0
4/4/20 23:34,32.349,-96.794,29,2,0,0
4/4/20 23:34,32.598,-86.144,19,0,0,0
4/4/20 23:34,43.351,-115.47,10,0,0,0
4/4/20 23:34,32.592,-82.302,1,0,0,0
4/4/20 23:34,38.996,-110.701,1,0,0,0
4/4/20 23:34,45.526,-84.891,7,2,0,0
4/4/20 23:34,36.695,-77.534,2,0,0,0
4/4/20 23:34,32.236,-98.218,9,1,0,0
4/4/20 23:34,42.762,-78.731,808,22,0,0
4/4/20 23:34,41.368,-82.629,6,1,0,0
4/4/20 23:34,41.993,-80.033,19,0,0,0
4/4/20 23:34,31.126,-87.159,1,0,0,0
4/4/20 23:34,30.677,-87.373,118,1,0,0
4/4/20 23:34,42.669,-70.947,1400,25,0,0
4/4/20 23:34,40.787,-74.247,3584,155,0,0
4/4/20 23:34,44.116,-73.773,7,0,0,0
4/4/20 23:34,34.046,-86.041,27,3,0,0
4/4/20 23:34,30.73,-92.399,19,0,0,0
4/4/20 23:34,64.807,-146.569,46,0,0,0
4/4/20 23:34,38.837,-77.276,387,2,0,0
4/4/20 23:34,41.268,-73.388,2824,86,0,0
4/4/20 23:34,39.751,-82.631,36,0,0,0
4/4/20 23:34,34.393,-81.12,12,0,0,0
4/4/20 23:34,43.239,-103.528,1,0,0,0
4/4/20 23:34,31.254,-96.936,1,0,0,0
4/4/20 23:34,34.864,-84.317,8,0,0,0
4/4/20 23:34,33.596,-96.108,2,0,0,0
4/4/20 23:34,43.674,-93.948,3,0,0,0
4/4/20 23:34,45.071,-99.145,1,0,0,0
4/4/20 23:34,35.147,-92.337,40,1,0,0
4/4/20 23:34,38.736,-77.806,10,0,0,0
4/4/20 23:34,33.721,-87.739,1,0,0,0
4/4/20 23:34,33.414,-84.491,62,4,0,0
4/4/20 23:34,39.001,-89.025,2,0,0,0
4/4/20 23:34,39.637,-85.178,14,3,0,0
4/4/20 23:34,42.863,-91.844,3,0,0,0
4/4/20 23:34,38.037,-84.456,120,7,0,0
4/4/20 23:34,39.56,-83.456,2,0,0,0
4/4/20 23:34,39.92,-79.643,23,1,0,0
4/4/20 23:34,35.196,-89.414,18,0,0,0
4/4/20 23:34,29.878,-96.921,10,0,0,0
4/4/20 23:34,36.381,-84.929,1,0,0,0
4/4/20 23:34,48.471,-118.515,1,0,0,0
4/4/20 23:34,43.674,-92.09,9,0,0,0
4/4/20 23:34,38.043,-100.738,9,0,0,0
4/4/20 23:34,29.459,-81.315,29,1,0,0
4/4/20 23:34,48.296,-114.052,20,0,0,0
4/4/20 23:34,34.024,-79.702,35,5,0,0
4/4/20 23:34,34.263,-85.216,79,3,0,0
4/4/20 23:34,38.321,-85.904,41,0,0,0
4/4/20 23:34,37.842,-78.277,5,0,0,0
4/4/20 23:34,43.754,-88.489,30,2,0,0
4/4/20 23:34,40.597,-88.224,1,0,0,0
4/4/20 23:34,37.692,-99.888,1,0,0,0
4/4/20 23:34,41.511,-79.232,2,0,0,0
4/4/20 23:34,31.19,-89.258,34,0,0,0
4/4/20 23:34,34.226,-84.123,63,1,0,0
4/4/20 23:34,36.129,-80.255,88,1,0,0
4/4/20 23:34,29.527,-95.772,255,2,0,0
4/4/20 23:34,47.457,-98.883,1,0,0,0
4/4/20 23:34,40.124,-87.242,2,1,0,0
4/4/20 23:34,34.442,-87.843,8,0,0,0
4/4/20 23:34,29.838,-84.827,1,0,0,0
4/4/20 23:34,34.375,-83.232,5,0,0,0
4/4/20 23:34,37.992,-88.926,1,0,0,0
4/4/20 23:34,39.414,-85.061,50,6,0,0
4/4/20 23:34,38.564,-95.286,9,0,0,0
4/4/20 23:34,38.238,-84.88,7,0,0,0
4/4/20 23:34,32.137,-91.676,19,0,0,0
4/4/20 23:34,44.973,-70.444,4,0,0,0
4/4/20 23:34,42.581,-72.586,95,12,0,0
4/4/20 23:34,31.478,-90.897,4,0,0,0
4/4/20 23:34,38.411,-91.075,24,0,0,0
4/4/20 23:34,44.59,-74.299,10,0,0,0
4/4/20 23:34,36.082,-78.287,14,0,0,0
4/4/20 23:34,39.97,-83.011,557,6,0,0
4/4/20 23:34,39.93,-77.722,27,0,0,0
4/4/20 23:34,35.156,-86.092,12,1,0,0
4/4/20 23:34,33.177,-95.219,1,0,0,0
4/4/20 23:34,44.856,-72.912,23,0,0,0
4/4/20 23:34,36.995,-79.88,10,0,0,0
4/4/20 23:34,46.534,-118.902,46,2,0,0
4/4/20 23:34,36.683,-76.939,4,0,0,0
4/4/20 23:34,39.473,-77.4,73,3,0,0
4/4/20 23:34,39.202,-78.26,24,0,0,0
4/4/20 23:34,38.298,-77.492,7,0,0,0
4/4/20 23:34,43.674,-93.349,10,0,0,0
4/4/20 23:34,38.474,-105.44,2,0,0,0
4/4/20 23:34,44.228,-111.481,1,0,0,0
4/4/20 23:34,43.042,-108.63,36,0,0,0
4/4/20 23:34,36.757,-119.647,100,1,0,0
4/4/20 23:34,33.792,-84.463,941,26,0,0
4/4/20 23:34,41.047,-86.263,2,0,0,0
4/4/20 23:34,43.114,-74.418,9,0,0,0
4/4/20 23:34,41.602,-84.126,5,0,0,0
4/4/20 23:34,30.578,-84.619,4,0,0,0
4/4/20 23:34,40.262,-96.689,2,1,0,0
4/4/20 23:34,32.741,-102.635,1,0,0,0
4/4/20 23:34,36.666,-80.917,1,0,0,0
4/4/20 23:34,45.545,-111.169,101,0,0,0
4/4/20 23:34,38.827,-82.316,4,1,0,0
4/4/20 23:34,29.402,-94.905,136,0,0,0
4/4/20 23:34,39.599,-107.903,45,1,0,0
4/4/20 23:34,36.379,-97.783,5,0,0,0
4/4/20 23:34,37.854,-111.442,1,0,0,0
4/4/20 23:34,34.577,-93.149,40,0,0,0
4/4/20 23:34,39.528,-79.274,3,0,0,0
4/4/20 23:34,34.704,-97.308,11,0,0,0
4/4/20 23:34,38.439,-91.508,2,0,0,0
4/4/20 23:34,35.294,-81.175,43,1,0,0
4/4/20 23:34,36.447,-76.697,1,0,0,0
4/4/20 23:34,41.5,-81.179,38,0,0,0
4/4/20 23:34,44.065,-116.398,7,0,0,0
4/4/20 23:34,43.022,-83.706,464,15,0,0
4/4/20 23:34,43.002,-78.191,20,1,0,0
4/4/20 23:34,30.863,-88.644,4,0,0,0
4/4/20 23:34,33.434,-79.332,17,1,0,0
4/4/20 23:34,38.304,-87.581,4,0,0,0
4/4/20 23:34,35.994,-88.934,8,0,0,0
4/4/20 23:34,33.802,-110.813,3,0,0,0
4/4/20 23:34,35.202,-87.04,3,0,0,0
4/4/20 23:34,30.318,-98.947,2,0,0,0
4/4/20 23:34,34.693,-84.458,1,0,0,0
4/4/20 23:34,48.705,-112.993,1,0,0,0
4/4/20 23:34,26.956,-81.19,4,1,0,0
4/4/20 23:34,43.989,-84.388,3,0,0,0
4/4/20 23:34,39.599,-122.394,2,0,0,0
4/4/20 23:34,39.716,-75.14,215,3,0,0
4/4/20 23:34,37.408,-76.535,9,0,0,0
4/4/20 23:34,31.233,-81.538,27,0,0,0
4/4/20 23:34,46.409,-89.694,3,1,0,0
4/4/20 23:34,28.657,-97.428,1,0,0,0
4/4/20 23:34,29.456,-97.494,1,0,0,0
4/4/20 23:34,37.717,-77.904,10,0,0,0
4/4/20 23:34,44.408,-92.723,8,0,0,0
4/4/20 23:34,42.969,-114.811,1,0,0,0
4/4/20 23:34,34.505,-84.873,21,2,0,0
4/4/20 23:34,42.088,-104.353,2,0,0,0
4/4/20 23:34,40.515,-99.83,1,0,0,0
4/4/20 23:34,38.916,-100.483,1,0,0,0
4/4/20 23:34,30.875,-84.234,3,0,0,0
4/4/20 23:34,35.017,-97.883,6,0,0,0
4/4/20 23:34,43.938,-71.821,38,0,0,0
4/4/20 23:34,32.932,-109.888,3,0,0,0
4/4/20 23:34,36.275,-83.513,3,0,0,0
4/4/20 23:34,40.106,-106.118,4,0,0,0
4/4/20 23:34,38.981,-109.57,1,0,0,0
4/4/20 23:34,47.921,-97.455,10,0,0,0
4/4/20 23:34,44.696,-85.556,12,3,0,0
4/4/20 23:34,34.29,-92.423,3,0,0,0
4/4/20 23:34,40.516,-85.655,15,0,0,0
4/4/20 23:34,38.65,-84.624,2,1,0,0
4/4/20 23:34,31.599,-92.561,9,0,0,0
4/4/20 23:34,32.739,-108.383,1,0,0,0
4/4/20 23:34,46.358,-101.639,1,0,0,0
4/4/20 23:34,36.796,-97.786,1,0,0,0
4/4/20 23:34,44.49,-119.007,1,0,0,0
4/4/20 23:34,47.208,-119.45,77,2,0,0
4/4/20 23:34,42.867,-90.706,2,0,0,0
4/4/20 23:34,36.303,-78.652,24,0,0,0
4/4/20 23:34,43.293,-84.605,4,0,0,0
4/4/20 23:34,36.723,-88.651,2,0,0,0
4/4/20 23:34,35.401,-100.813,5,0,0,0
4/4/20 23:34,47.14,-123.782,3,0,0,0
4/4/20 23:34,37.462,-86.342,2,0,0,0
4/4/20 23:34,33.627,-96.678,12,0,0,0
4/4/20 23:34,42.679,-89.602,8,0,0,0
4/4/20 23:34,37.946,-80.453,3,0,0,0
4/4/20 23:34,32.855,-87.957,3,0,0,0
4/4/20 23:34,36.117,-90.558,1,0,0,0
4/4/20 23:34,33.577,-83.171,12,0,0,0
4/4/20 23:34,39.036,-86.962,9,0,0,0
4/4/20 23:34,37.258,-93.342,64,7,0,0
4/4/20 23:34,42.276,-74.124,24,0,0,0
4/4/20 23:34,35.485,-77.676,5,0,0,0
4/4/20 23:34,39.691,-83.89,11,1,0,0
4/4/20 23:34,39.857,-80.224,12,0,0,0
4/4/20 23:34,36.175,-82.847,16,1,0,0
4/4/20 23:34,38.295,-78.465,2,0,0,0
4/4/20 23:34,33.215,-109.241,1,0,0,0
4/4/20 23:34,36.679,-77.564,4,0,0,0
4/4/20 23:34,38.543,-82.922,1,0,0,0
4/4/20 23:34,34.895,-82.373,183,2,0,0
4/4/20 23:34,37.877,-96.233,1,0,0,0
4/4/20 23:34,34.153,-82.127,10,0,0,0
4/4/20 23:34,34.935,-99.561,6,1,0,0
4/4/20 23:34,32.479,-94.816,16,0,0,0
4/4/20 23:34,33.77,-89.802,4,0,0,0
4/4/20 23:34,30.546,-95.989,3,0,0,0
4/4/20 23:34,41.286,-88.419,9,0,0,0
4/4/20 23:34,42.402,-92.788,1,0,0,0
4/4/20 23:34,35.384,-85.721,12,0,0,0
4/4/20 23:34,29.582,-97.948,26,0,0,0
4/4/20 23:34,40.05,-81.492,1,0,0,0
4/4/20 23:34,36.08,-79.788,94,5,0,0
4/4/20 23:34,29.935,-85.243,1,0,0,0
4/4/20 23:34,38.666,-107.032,88,1,0,0
4/4/20 23:34,41.684,-94.501,1,0,0,0
4/4/20 23:34,33.96,-84.021,364,8,0,0
4/4/20 23:34,34.633,-83.531,2,0,0,0
4/4/20 23:34,32.76,-87.633,3,0,0,0
4/4/20 23:34,34.07,-101.827,6,0,0,0
4/4/20 23:34,36.257,-77.656,10,0,0,0
4/4/20 23:34,36.767,-78.935,1,0,0,0
4/4/20 23:34,34.322,-83.819,84,0,0,0
4/4/20 23:34,40.873,-98.502,40,1,0,0
4/4/20 23:34,36.22,-83.266,4,0,0,0
4/4/20 23:34,40.073,-86.052,265,4,0,0
4/4/20 23:34,40.873,-98.021,4,0,0,0
4/4/20 23:34,43.661,-74.497,2,0,0,0
4/4/20 23:34,39.197,-84.545,288,2,0,0
4/4/20 23:34,35.177,-85.167,71,8,0,0
4/4/20 23:34,44.674,-97.188,1,0,0,0
4/4/20 23:34,42.134,-72.632,733,34,0,0
4/4/20 23:34,42.34,-72.659,125,3,0,0
4/4/20 23:34,32.774,-81.138,1,0,0,0
4/4/20 23:34,37.035,-76.359,39,1,0,0
4/4/20 23:34,39.823,-85.776,57,2,0,0
4/4/20 23:34,43.082,-93.735,3,0,0,0
4/4/20 23:34,37.838,-86.783,1,0,0,0
4/4/20 23:34,44.598,-68.384,2,0,0,0
4/4/20 23:34,30.418,-89.489,30,1,0,0
4/4/20 23:34,41.003,-83.668,9,0,0,0
4/4/20 23:34,40.519,-80.575,6,0,0,0
4/4/20 23:34,37.758,-77.495,12,0,0,0
4/4/20 23:34,33.796,-85.21,10,0,0,0
4/4/20 23:34,27.493,-81.81,1,0,0,0
4/4/20 23:34,35.208,-88.992,6,0,0,0
4/4/20 23:34,42.384,-93.237,1,0,0,0
4/4/20 23:34,37.698,-85.963,9,0,0,0
4/4/20 23:34,40.66,-83.659,1,0,0,0
4/4/20 23:34,35.197,-88.186,2,0,0,0
4/4/20 23:34,30.334,-94.389,15,1,0,0
4/4/20 23:34,39.007,-78.859,2,0,0,0
4/4/20 23:34,39.55,-76.308,44,0,0,0
4/4/20 23:34,35.367,-78.872,24,1,0,0
4/4/20 23:34,32.737,-84.905,6,0,0,0
4/4/20 23:34,29.86,-95.39,1284,17,0,0
4/4/20 23:34,38.195,-86.109,28,1,0,0
4/4/20 23:34,41.683,-95.816,10,0,0,0
4/4/20 23:34,38.442,-84.329,11,0,0,0
4/4/20 23:34,30.514,-89.125,70,3,0,0
4/4/20 23:34,40.356,-93.992,2,0,0,0
4/4/20 23:34,32.549,-94.369,5,1,0,0
4/4/20 23:34,39.285,-80.379,19,0,0,0
4/4/20 23:34,38.435,-78.875,22,0,0,0
4/4/20 23:34,34.346,-82.966,3,0,0,0
4/4/20 23:34,41.803,-72.731,726,26,0,0
4/4/20 23:34,38.043,-97.427,2,0,0,0
4/4/20 23:34,19.601,-155.521,22,0,0,0
4/4/20 23:34,36.444,-82.949,9,1,0,0
4/4/20 23:34,30.057,-98.029,50,0,0,0
4/4/20 23:34,35.553,-82.982,2,0,0,0
4/4/20 23:34,35.583,-89.285,2,0,0,0
4/4/20 23:34,33.297,-85.129,2,1,0,0
4/4/20 23:34,35.838,-100.27,1,0,0,0
4/4/20 23:34,33.733,-93.669,1,0,0,0
4/4/20 23:34,37.793,-87.574,6,0,0,0
4/4/20 23:34,35.338,-82.477,25,1,0,0
4/4/20 23:34,32.211,-95.858,1,0,0,0
4/4/20 23:34,39.767,-86.51,163,4,0,0
4/4/20 23:34,26.554,-81.165,6,0,0,0
4/4/20 23:34,45.008,-93.477,252,9,0,0
4/4/20 23:34,37.535,-77.393,174,2,0,0
4/4/20 23:34,31.511,-85.243,2,0,0,0
4/4/20 23:34,33.453,-84.148,150,3,0,0
4/4/20 23:34,41.353,-90.133,7,0,0,0
4/4/20 23:34,39.93,-85.396,8,0,0,0
4/4/20 23:34,40.988,-91.544,6,0,0,0
4/4/20 23:34,38.449,-85.116,2,0,0,0
4/4/20 23:34,38.385,-93.793,1,1,0,0
4/4/20 23:34,36.332,-88.301,4,0,0,0
4/4/20 23:34,36.685,-79.876,3,0,0,0
4/4/20 23:34,43.42,-74.961,18,3,0,0
4/4/20 23:34,28.554,-82.427,40,0,0,0
4/4/20 23:34,36.361,-76.981,4,0,0,0
4/4/20 23:34,35.806,-87.476,1,0,0,0
4/4/20 23:34,26.394,-98.183,86,0,0,0
4/4/20 23:34,39.184,-83.603,4,0,0,0
4/4/20 23:34,27.343,-81.341,30,2,0,0
4/4/20 23:34,48.629,-110.113,1,0,0,0
4/4/20 23:34,31.99,-97.134,5,0,0,0
4/4/20 23:34,27.928,-82.32,497,5,0,0
4/4/20 23:34,42.915,-71.72,194,2,0,0
4/4/20 23:34,41.888,-84.593,37,2,0,0
4/4/20 23:34,32.266,-90.444,140,0,0,0
4/4/20 23:34,37.822,-107.3,1,0,0,0
4/4/20 23:34,33.608,-102.343,7,1,0,0
4/4/20 23:34,35.019,-79.237,10,0,0,0
4/4/20 23:34,30.867,-85.813,1,0,0,0
4/4/20 23:34,33.123,-90.089,17,1,0,0
4/4/20 23:34,40.562,-81.926,1,0,0,0
4/4/20 23:34,21.458,-157.971,266,3,0,0
4/4/20 23:34,32.43,-97.832,9,1,0,0
4/4/20 23:34,45.519,-121.655,3,0,0,0
4/4/20 23:34,37.292,-77.298,9,0,0,0
4/4/20 23:34,37.309,-87.547,33,2,0,0
4/4/20 23:34,33.149,-95.564,3,0,0,0
4/4/20 23:34,33.921,-78.996,63,4,0,0
4/4/20 23:34,34.317,-92.954,5,0,0,0
4/4/20 23:34,46.9,-88.685,2,0,0,0
4/4/20 23:34,31.152,-85.299,16,1,0,0
4/4/20 23:34,32.458,-83.669,58,5,0,0
4/4/20 23:34,36.289,-87.719,2,0,0,0
4/4/20 23:34,34.09,-93.993,1,0,0,0
4/4/20 23:34,40.485,-86.114,27,2,0,0
4/4/20 23:34,43.357,-92.317,1,0,0,0
4/4/20 23:34,39.253,-76.931,180,3,0,0
4/4/20 23:34,36.774,-91.887,1,0,0,0
4/4/20 23:34,40.738,-74.075,3491,78,0,0
4/4/20 23:34,37.685,-104.961,1,0,0,0
4/4/20 23:34,44.391,-99.997,3,0,0,0
4/4/20 23:34,40.699,-123.876,44,0,0,0
4/4/20 23:34,41.407,-118.111,9,0,0,0
4/4/20 23:34,33.128,-90.523,4,1,0,0
4/4/20 23:34,36.04,-87.78,3,0,0,0
4/4/20 23:34,33.124,-96.086,8,0,0,0
4/4/20 23:34,40.563,-74.913,171,1,0,0
4/4/20 23:34,40.422,-77.977,4,0,0,0
4/4/20 23:34,40.829,-85.488,5,1,0,0
4/4/20 23:34,43.834,-83.041,4,0,0,0
4/4/20 23:34,41.147,-82.599,6,1,0,0
4/4/20 23:34,43.334,-97.755,2,0,0,0
4/4/20 23:34,35.84,-101.355,2,0,0,0
4/4/20 23:34,29.868,-91.759,68,3,0,0
4/4/20 23:34,30.257,-91.35,119,5,0,0
4/4/20 23:34,45.847,-115.463,2,0,0,0
4/4/20 23:34,33.039,-115.367,55,1,0,0
4/4/20 23:34,35.742,-91.57,3,0,0,0
4/4/20 23:34,27.693,-80.606,50,0,0,0
4/4/20 23:34,40.652,-79.09,9,0,0,0
4/4/20 23:34,42.597,-84.375,168,1,0,0
4/4/20 23:34,36.511,-117.411,10,0,0,0
4/4/20 23:34,42.945,-85.074,6,0,0,0
4/4/20 23:34,44.355,-83.635,2,1,0,0
4/4/20 23:34,41.686,-92.064,6,0,0,0
4/4/20 23:34,43.001,-90.135,3,0,0,0
4/4/20 23:34,35.81,-80.874,42,0,0,0
4/4/20 23:34,37.859,-113.29,12,0,0,0
4/4/20 23:34,46.263,-90.243,1,1,0,0
4/4/20 23:34,40.747,-87.825,4,0,0,0
4/4/20 23:34,31.602,-83.275,6,0,0,0
4/4/20 23:34,43.641,-84.847,10,2,0,0
4/4/20 23:34,45.562,-93.295,3,0,0,0
4/4/20 23:34,48.147,-122.522,122,6,0,0
4/4/20 23:34,36.906,-76.708,18,0,0,0
4/4/20 23:34,47.51,-93.631,2,0,0,0
4/4/20 23:34,34.28,-88.361,3,0,0,0
4/4/20 23:34,34.781,-85.998,14,1,0,0
4/4/20 23:34,30.795,-85.215,4,0,0,0
4/4/20 23:34,34.138,-83.568,13,0,0,0
4/4/20 23:34,37.786,-89.382,10,1,0,0
4/4/20 23:34,38.909,-86.039,28,0,0,0
4/4/20 23:34,42.172,-90.574,3,0,0,0
4/4/20 23:34,39.417,-95.794,1,0,0,0
4/4/20 23:34,32.303,-92.557,1,0,0,0
4/4/20 23:34,42.248,-84.423,81,3,0,0
4/4/20 23:34,43.674,-95.154,1,0,0,0
4/4/20 23:34,30.54,-88.642,79,1,0,0
4/4/20 23:34,39.01,-94.347,135,3,0,0
4/4/20 23:34,35.288,-83.141,2,0,0,0
4/4/20 23:34,34.588,-99.411,4,0,0,0
4/4/20 23:34,42.432,-122.729,27,0,0,0
4/4/20 23:34,36.364,-85.672,3,0,0,0
4/4/20 23:34,28.955,-96.577,3,0,0,0
4/4/20 23:34,38.843,-81.681,13,1,0,0
4/4/20 23:34,44.319,-90.806,2,0,0,0
4/4/20 23:34,37.312,-76.77,111,2,0,0
4/4/20 23:34,33.315,-83.688,2,0,0,0
4/4/20 23:34,39.011,-88.154,2,0,0,0
4/4/20 23:34,41.021,-87.116,15,1,0,0
4/4/20 23:34,41.686,-93.056,8,0,0,0
4/4/20 23:34,32.019,-89.118,3,0,0,0
4/4/20 23:34,37.204,-94.341,11,0,0,0
4/4/20 23:34,32.432,-81.025,9,0,0,0
4/4/20 23:34,30.747,-94.027,3,0,0,0
4/4/20 23:34,40.438,-85.006,2,0,0,0
4/4/20 23:34,33.556,-86.895,403,9,0,0
4/4/20 23:34,34.268,-91.926,53,0,0,0
4/4/20 23:34,39.586,-105.252,440,13,0,0
4/4/20 23:34,30.437,-83.894,1,0,0,0
4/4/20 23:34,33.059,-82.416,2,0,0,0
4/4/20 23:34,43.821,-112.313,3,0,0,0
4/4/20 23:34,38.786,-85.436,5,0,0,0
4/4/20 23:34,41.032,-91.948,3,0,0,0
4/4/20 23:34,39.235,-95.383,2,0,0,0
4/4/20 23:34,38.187,-85.659,299,11,0,0
4/4/20 23:34,29.741,-90.111,3008,95,0,0
4/4/20 23:34,31.734,-91.038,2,0,0,0
4/4/20 23:34,38.259,-90.539,69,0,0,0
4/4/20 23:34,46.149,-112.094,2,0,0,0
4/4/20 23:34,44.042,-75.947,20,0,0,0
4/4/20 23:34,40.386,-80.763,14,0,0,0
4/4/20 23:34,36.048,-83.451,6,0,0,0
4/4/20 23:34,29.883,-94.164,40,1,0,0
4/4/20 23:34,47.75,-123.561,19,0,0,0
4/4/20 23:34,39.308,-77.86,17,0,0,0
4/4/20 23:34,43.021,-88.775,13,0,0,0
4/4/20 23:34,30.269,-92.812,9,0,0,0
4/4/20 23:34,32.792,-81.96,2,0,0,0
4/4/20 23:34,38.996,-85.627,35,0,0,0
4/4/20 23:34,42.689,-114.266,11,0,0,0
4/4/20 23:34,39.089,-90.354,1,0,0,0
4/4/20 23:34,37.871,-84.583,15,0,0,0
4/4/20 23:34,39.785,-98.218,1,0,0,0
4/4/20 23:34,27.731,-98.09,2,0,0,0
4/4/20 23:34,42.365,-90.211,4,0,0,0
4/4/20 23:34,35.568,-93.46,7,0,0,0
4/4/20 23:34,32.702,-82.662,1,0,0,0
4/4/20 23:34,39.49,-86.101,153,6,0,0
4/4/20 23:34,41.672,-91.588,96,0,0,0
4/4/20 23:34,38.885,-94.823,185,7,0,0
4/4/20 23:34,37.851,-82.826,1,0,0,0
4/4/20 23:34,38.747,-93.807,29,0,0,0
4/4/20 23:34,36.455,-81.849,2,0,0,0
4/4/20 23:34,32.379,-97.366,21,1,0,0
4/4/20 23:34,44.041,-106.585,8,0,0,0
4/4/20 23:34,35.517,-78.366,32,3,0,0
4/4/20 23:34,33.025,-83.56,6,0,0,0
4/4/20 23:34,42.121,-91.131,5,0,0,0
4/4/20 23:34,31.623,-89.169,9,0,0,0
4/4/20 23:34,42.367,-123.556,12,0,0,0
4/4/20 23:34,58.45,-134.2,12,0,0,0
4/4/20 23:34,43.925,-90.111,4,0,0,0
4/4/20 23:34,40.534,-77.4,7,0,0,0
4/4/20 23:34,42.245,-85.53,45,3,0,0
4/4/20 23:34,44.685,-85.091,8,1,0,0
4/4/20 23:34,38.339,-81.529,48,0,0,0
4/4/20 23:34,45.153,-95.006,2,0,0,0
4/4/20 23:34,41.938,-88.429,207,12,0,0
4/4/20 23:34,37.285,-111.886,1,0,0,0
4/4/20 23:34,41.137,-87.862,68,3,0,0
4/4/20 23:34,39.1,-94.579,172,2,0,0
4/4/20 23:34,28.907,-97.86,2,0,0,0
4/4/20 23:34,22.039,-159.597,15,0,0,0
4/4/20 23:34,32.599,-96.287,10,0,0,0
4/4/20 23:34,36.818,-97.144,29,1,0,0
4/4/20 23:34,40.507,-98.949,1,0,0,0
4/4/20 23:34,32.755,-88.641,4,0,0,0
4/4/20 23:34,60.244,-151.539,11,0,0,0
4/4/20 23:34,41.591,-88.429,47,2,0,0
4/4/20 23:34,29.944,-98.711,9,0,0,0
4/4/20 23:34,44.408,-69.767,21,1,0,0
4/4/20 23:34,42.576,-88.041,81,0,0,0
4/4/20 23:34,39.086,-75.569,68,2,0,0
4/4/20 23:34,39.25,-76.047,5,0,0,0
4/4/20 23:34,43.032,-85.549,153,2,0,0
4/4/20 23:34,41.671,-71.576,59,0,0,0
4/4/20 23:34,38.94,-84.532,33,3,0,0
4/4/20 23:34,41.336,-92.179,2,0,0,0
4/4/20 23:34,35.343,-118.728,210,2,0,0
4/4/20 23:34,30.06,-99.349,2,0,0,0
4/4/20 23:34,34.34,-80.588,141,2,0,0
4/4/20 23:34,55.574,-130.976,14,0,0,0
4/4/20 23:34,41.198,-103.715,5,0,0,0
4/4/20 23:34,47.491,-121.835,2898,229,0,0
4/4/20 23:34,38.268,-77.159,8,0,0,0
4/4/20 23:34,37.71,-77.094,1,0,0,0
4/4/20 23:34,37.71,-76.887,1,0,0,0
4/4/20 23:34,35.945,-97.942,3,0,0,0
4/4/20 23:34,36.074,-119.816,5,0,0,0
4/4/20 23:34,34.917,-98.977,1,0,0,0
4/4/20 23:34,39.305,-102.602,4,0,0,0
4/4/20 23:34,47.635,-122.644,99,0,0,0
4/4/20 23:34,47.125,-120.679,10,0,0,0
4/4/20 23:34,42.688,-121.65,13,0,0,0
4/4/20 23:34,27.424,-97.699,2,0,0,0
4/4/20 23:34,45.873,-120.791,9,1,0,0
4/4/20 23:34,40.931,-90.213,1,0,0,0
4/4/20 23:34,38.689,-87.419,5,0,0,0
4/4/20 23:34,44.115,-69.105,9,0,0,0
4/4/20 23:34,42.638,-97.892,2,0,0,0
4/4/20 23:34,40.398,-82.42,6,1,0,0
4/4/20 23:34,35.995,-83.946,99,1,0,0
4/4/20 23:34,48.245,-93.784,1,0,0,0
4/4/20 23:34,47.673,-116.702,37,0,0,0
4/4/20 23:34,41.245,-85.863,11,0,0,0
4/4/20 23:34,43.204,-94.207,1,0,0,0
4/4/20 23:34,43.906,-91.115,19,0,0,0
4/4/20 23:34,33.729,-113.981,2,0,0,0
4/4/20 23:34,37.286,-107.843,25,0,0,0
4/4/20 23:34,41.642,-85.427,4,0,0,0
4/4/20 23:34,41.544,-86.741,19,2,0,0
4/4/20 23:34,41.344,-88.886,7,1,0,0
4/4/20 23:34,31.679,-92.159,4,0,0,0
4/4/20 23:34,37.191,-95.298,4,0,0,0
4/4/20 23:34,44.997,-96.175,1,0,0,0
4/4/20 23:34,41.436,-75.604,146,6,0,0
4/4/20 23:34,33.241,-93.607,1,0,0,0
4/4/20 23:34,30.205,-92.07,229,4,0,0
4/4/20 23:34,34.357,-89.485,21,1,0,0
4/4/20 23:34,39.07,-93.781,26,1,0,0
4/4/20 23:34,29.525,-90.41,217,3,0,0
4/4/20 23:34,39.203,-106.356,3,0,0,0
4/4/20 23:34,28.762,-81.713,95,2,0,0
4/4/20 23:34,42.322,-88.004,683,13,0,0
4/4/20 23:34,41.419,-87.383,313,8,0,0
4/4/20 23:34,47.645,-114.09,4,0,0,0
4/4/20 23:34,41.697,-81.237,76,3,0,0
4/4/20 23:34,44.022,-97.129,1,0,0,0
4/4/20 23:34,33.78,-88.097,3,0,0,0
4/4/20 23:34,33.078,-84.143,6,0,0,0
4/4/20 23:34,31.206,-89.508,13,0,0,0
4/4/20 23:34,33.67,-95.574,5,0,0,0
4/4/20 23:34,34.069,-102.352,1,0,0,0
4/4/20 23:34,44.604,-72.644,17,0,0,0
4/4/20 23:34,31.195,-98.242,1,0,0,0
4/4/20 23:34,40.784,-96.688,18,0,0,0
4/4/20 23:34,40.039,-76.248,291,5,0,0
4/4/20 23:34,34.683,-80.705,39,0,0,0
4/4/20 23:34,37.719,-76.464,1,0,0,0
4/4/20 23:34,43.937,-122.848,21,1,0,0
4/4/20 23:34,31.038,-83.065,1,0,0,0
4/4/20 23:34,43.091,-83.222,27,0,0,0
4/4/20 23:34,41.307,-104.689,42,0,0,0
4/4/20 23:34,40.667,-105.463,134,7,0,0
4/4/20 23:34,37.546,-85.701,3,0,0,0
4/4/20 23:34,37.315,-104.038,1,0,0,0
4/4/20 23:34,46.816,-116.711,1,0,0,0
4/4/20 23:34,34.878,-95.252,4,1,0,0
4/4/20 23:34,34.902,-87.656,16,2,0,0
4/4/20 23:34,32.404,-88.662,61,1,0,0
4/4/20 23:34,35.759,-89.63,2,0,0,0
4/4/20 23:34,37.11,-84.113,2,0,0,0
4/4/20 23:34,32.463,-82.922,15,0,0,0
4/4/20 23:34,34.482,-82.005,6,0,0,0
4/4/20 23:34,29.385,-96.932,2,0,0,0
4/4/20 23:34,34.52,-87.311,6,0,0,0
4/4/20 23:34,36.042,-91.109,1,0,0,0
4/4/20 23:34,38.841,-86.484,36,5,0,0
4/4/20 23:34,38.071,-82.729,1,0,0,0
4/4/20 23:34,31.551,-90.108,4,0,0,0
4/4/20 23:34,38.597,-82.535,7,0,0,0
4/4/20 23:34,40.992,-80.334,22,2,0,0
4/4/20 23:34,44.359,-103.793,9,0,0,0
4/4/20 23:34,35.217,-87.398,3,0,0,0
4/4/20 23:34,34.899,-94.704,1,0,0,0
4/4/20 23:34,44.371,-93.728,20,0,0,0
4/4/20 23:34,32.792,-103.412,2,0,0,0
4/4/20 23:34,32.754,-89.524,8,0,0,0
4/4/20 23:34,39.202,-95.036,33,0,0,0
4/4/20 23:34,40.367,-76.457,87,0,0,0
4/4/20 23:34,32.602,-85.351,112,3,0,0
4/4/20 23:34,34.785,-90.784,1,0,0,0
4/4/20 23:34,26.584,-81.884,348,11,0,0
4/4/20 23:34,31.779,-84.143,128,8,0,0
4/4/20 23:34,41.746,-89.3,2,0,0,0
4/4/20 23:34,40.642,-91.482,1,0,0,0
4/4/20 23:34,34.292,-88.681,28,1,0,0
4/4/20 23:34,35.476,-79.176,3,0,0,0
4/4/20 23:34,34.164,-80.257,16,1,0,0
4/4/20 23:34,30.311,-96.97,2,0,0,0
4/4/20 23:34,36.706,-83.126,2,0,0,0
4/4/20 23:34,44.944,-85.802,1,0,0,0
4/4/20 23:34,33.555,-90.299,22,1,0,0
4/4/20 23:34,40.615,-75.594,804,7,0,0
4/4/20 23:34,41.895,-84.066,27,0,0,0
4/4/20 23:34,35.24,-77.642,7,0,0,0
4/4/20 23:34,30.46,-84.275,42,0,0,0
4/4/20 23:34,31.299,-95.994,2,0,0,0
4/4/20 23:34,29.318,-82.74,2,0,0,0
4/4/20 23:34,46.233,-116.434,1,0,0,0
4/4/20 23:34,38.532,-83.377,2,0,0,0
4/4/20 23:34,43.784,-75.449,2,0,0,0
4/4/20 23:34,35.529,-87.49,2,0,0,0
4/4/20 23:34,46.578,-122.393,13,1,0,0
4/4/20 23:34,47.126,-112.395,13,0,0,0
4/4/20 23:34,33.897,-81.271,95,3,0,0
4/4/20 23:34,37.783,-79.443,3,0,0,0
4/4/20 23:34,31.826,-81.493,9,0,0,0
4/4/20 23:34,48.561,-111.024,1,0,0,0
4/4/20 23:34,30.152,-94.812,5,0,0,0
4/4/20 23:34,40.091,-82.482,50,1,0,0
4/4/20 23:34,34.812,-86.983,27,0,0,0
4/4/20 23:34,31.545,-96.581,3,1,0,0
4/4/20 23:34,33.953,-91.74,6,0,0,0
4/4/20 23:34,38.987,-103.514,1,0,0,0
4/4/20 23:34,33.792,-82.45,5,0,0,0
4/4/20 23:34,43.001,-114.136,7,0,0,0
4/4/20 23:34,32.6,-92.666,17,0,0,0
4/4/20 23:34,44.06,-69.542,8,0,0,0
4/4/20 23:34,44.413,-96.267,1,0,0,0
4/4/20 23:34,31.533,-90.454,14,0,0,0
4/4/20 23:34,39.053,-90.956,16,0,0,0
4/4/20 23:34,48.543,-115.405,6,1,0,0
4/4/20 23:34,41.047,-100.748,15,1,0,0
4/4/20 23:34,35.485,-81.217,9,0,0,0
4/4/20 23:34,35.703,-96.881,7,0,0,0
4/4/20 23:34,44.643,-123.87,4,0,0,0
4/4/20 23:34,43.278,-96.72,21,0,0,0
4/4/20 23:34,35.137,-86.589,5,0,0,0
4/4/20 23:34,47.577,-118.419,1,0,0,0
4/4/20 23:34,42.264,-110.656,1,0,0,0
4/4/20 23:34,42.079,-91.598,139,4,0,0
4/4/20 23:34,38.213,-94.843,5,0,0,0
4/4/20 23:34,44.489,-122.537,37,2,0,0
4/4/20 23:34,41.794,-73.245,182,5,0,0
4/4/20 23:34,28.351,-98.125,3,0,0,0
4/4/20 23:34,40.892,-88.558,6,0,0,0
4/4/20 23:34,30.441,-90.731,64,1,0,0
4/4/20 23:34,42.603,-83.913,129,2,0,0
4/4/20 23:34,39.781,-93.546,1,0,0,0
4/4/20 23:34,42.726,-77.78,18,1,0,0
4/4/20 23:34,30.706,-98.685,3,0,0,0
4/4/20 23:34,40.725,-103.111,7,0,0,0
4/4/20 23:34,40.126,-89.366,1,0,0,0
4/4/20 23:34,36.859,-86.878,4,0,0,0
4/4/20 23:34,40.39,-83.768,3,0,0,0
4/4/20 23:34,35.919,-97.444,6,0,0,0
4/4/20 23:34,37.83,-81.935,5,0,0,0
4/4/20 23:34,31.752,-81.75,1,0,0,0
4/4/20 23:34,34.754,-91.887,16,0,0,0
4/4/20 23:34,41.296,-82.151,105,2,0,0
4/4/20 23:34,34.308,-118.228,4605,93,0,0
4/4/20 23:34,35.739,-84.311,13,0,0,0
4/4/20 23:34,39.09,-77.635,150,1,0,0
4/4/20 23:34,41.218,-91.261,1,0,0,0
4/4/20 23:34,37.979,-77.963,13,0,0,0
4/4/20 23:34,33.953,-97.239,2,0,0,0
4/4/20 23:34,32.16,-86.652,3,0,0,0
4/4/20 23:34,30.836,-83.271,35,1,0,0
4/4/20 23:34,33.474,-88.442,13,0,0,0
4/4/20 23:34,33.61,-101.82,138,4,0,0
4/4/20 23:34,41.621,-83.655,272,7,0,0
4/4/20 23:34,46.472,-85.545,1,0,0,0
4/4/20 23:34,34.573,-84.004,7,0,0,0
4/4/20 23:34,41.178,-75.984,648,5,0,0
4/4/20 23:34,41.343,-77.066,10,0,0,0
4/4/20 23:34,43.895,-99.852,1,0,0,0
4/4/20 23:34,37.4,-79.199,10,0,0,0
4/4/20 23:34,33.177,-101.816,3,0,0,0
4/4/20 23:34,43.381,-96.209,2,0,0,0
4/4/20 23:34,38.456,-96.153,19,0,0,0
4/4/20 23:34,37.021,-88.079,4,0,0,0
4/4/20 23:34,44.413,-95.838,3,0,0,0
4/4/20 23:34,39.018,-119.187,3,0,0,0
4/4/20 23:34,46.07,-85.05,2,0,0,0
4/4/20 23:34,42.692,-82.928,1838,78,0,0
4/4/20 23:34,32.388,-85.693,6,0,0,0
4/4/20 23:34,32.352,-84.042,4,0,0,0
4/4/20 23:34,39.861,-88.963,5,0,0,0
4/4/20 23:34,39.83,-92.565,3,0,0,0
4/4/20 23:34,35.149,-83.417,1,0,0,0
4/4/20 23:34,36.532,-86.008,7,0,0,0
4/4/20 23:34,39.261,-89.924,4,0,0,0
4/4/20 23:34,37.215,-119.767,28,1,0,0
4/4/20 23:34,34.763,-86.551,141,1,0,0
4/4/20 23:34,30.444,-83.474,6,0,0,0
4/4/20 23:34,34.129,-83.212,7,1,0,0
4/4/20 23:34,43.781,-111.654,4,0,0,0
4/4/20 23:34,38.83,-89.904,47,0,0,0
4/4/20 23:34,40.161,-85.72,72,9,0,0
4/4/20 23:34,41.331,-94.016,1,0,0,0
4/4/20 23:34,37.717,-84.272,11,0,0,0
4/4/20 23:34,32.369,-91.24,1,0,0,0
4/4/20 23:34,32.634,-90.035,67,0,0,0
4/4/20 23:34,45.301,-111.917,6,1,0,0
4/4/20 23:34,41.917,-97.601,5,0,0,0
4/4/20 23:34,42.917,-75.673,78,2,0,0
4/4/20 23:34,39.894,-83.402,15,2,0,0
4/4/20 23:34,35.612,-88.841,19,0,0,0
4/4/20 23:34,38.415,-78.282,2,0,0,0
4/4/20 23:34,41.335,-92.641,3,0,0,0
4/4/20 23:34,47.326,-95.809,1,0,0,0
4/4/20 23:34,41.016,-80.773,250,13,0,0
4/4/20 23:34,36.311,-98.535,1,0,0,0
4/4/20 23:34,43.194,-117.623,2,0,0,0
4/4/20 23:34,38.746,-77.485,14,0,0,0
4/4/20 23:34,38.771,-77.444,2,0,0,0
4/4/20 23:34,27.472,-82.318,129,3,0,0
4/4/20 23:34,44.334,-86.056,4,0,0,0
4/4/20 23:34,44.119,-87.809,1,0,0,0
4/4/20 23:34,44.898,-89.759,9,0,0,0
4/4/20 23:34,32.248,-87.788,7,0,0,0
4/4/20 23:34,33.348,-112.492,1171,28,0,0
4/4/20 23:34,38.162,-91.922,2,0,0,0
4/4/20 23:34,38.071,-122.721,131,6,0,0
4/4/20 23:34,45.386,-88.033,2,0,0,0
4/4/20 23:34,34.137,-87.887,21,2,0,0
4/4/20 23:34,29.212,-82.058,42,0,0,0
4/4/20 23:34,32.348,-84.527,2,0,0,0
4/4/20 23:34,38.65,-88.919,3,0,0,0
4/4/20 23:34,39.782,-86.138,1570,34,0,0
4/4/20 23:34,38.359,-97.099,2,0,0,0
4/4/20 23:34,37.552,-85.269,3,0,0,0
4/4/20 23:34,31.231,-89.821,6,0,0,0
4/4/20 23:34,40.586,-83.157,12,0,0,0
4/4/20 23:34,44.903,-122.582,178,4,0,0
4/4/20 23:34,34.079,-79.364,2,1,0,0
4/4/20 23:34,35.13,-85.623,16,1,0,0
4/4/20 23:34,39.51,-80.242,13,1,0,0
4/4/20 23:34,34.599,-79.676,3,0,0,0
4/4/20 23:34,46.434,-87.64,11,1,0,0
4/4/20 23:34,43.819,-89.401,2,0,0,0
4/4/20 23:34,34.37,-86.305,17,0,0,0
4/4/20 23:34,41.033,-89.345,1,0,0,0
4/4/20 23:34,41.325,-86.262,4,0,0,0
4/4/20 23:34,42.036,-92.999,10,0,0,0
4/4/20 23:34,36.88,-88.328,2,0,0,0
4/4/20 23:34,34.762,-89.503,20,1,0,0
4/4/20 23:34,45.759,-97.599,1,0,0,0
4/4/20 23:34,35.458,-86.764,4,0,0,0
4/4/20 23:34,39.861,-80.666,4,0,0,0
4/4/20 23:34,27.077,-80.431,53,0,0,0
4/4/20 23:34,38.71,-86.804,1,0,0,0
4/4/20 23:34,37.8,-82.512,1,0,0,0
4/4/20 23:34,43.674,-94.551,32,2,0,0
4/4/20 23:34,35.843,-77.109,3,0,0,0
4/4/20 23:34,32.306,-101.951,1,0,0,0
4/4/20 23:34,40.239,-89.918,1,0,0,0
4/4/20 23:34,38.595,-83.822,2,0,0,0
4/4/20 23:34,30.718,-99.226,1,0,0,0
4/4/20 23:34,47.35,-123.186,13,0,0,0
4/4/20 23:34,38.771,-82.025,4,0,0,0
4/4/20 23:34,37.221,-88.71,1,0,0,0
4/4/20 23:34,28.82,-96.012,36,2,0,0
4/4/20 23:34,62.313,-149.574,4,0,0,0
4/4/20 23:34,37.442,-76.341,2,0,0,0
4/4/20 23:34,20.864,-156.569,38,0,0,0
4/4/20 23:34,35.619,-87.075,21,0,0,0
4/4/20 23:34,28.743,-100.316,4,0,0,0
4/4/20 23:34,36.302,-95.232,7,1,0,0
4/4/20 23:34,35.011,-97.446,11,0,0,0
4/4/20 23:34,43.674,-97.369,2,0,0,0
4/4/20 23:34,33.902,-82.308,1,0,0,0
4/4/20 23:34,37.054,-88.704,10,0,0,0
4/4/20 23:34,36.739,-84.481,1,0,0,0
4/4/20 23:34,34.117,-94.772,1,0,0,0
4/4/20 23:34,36.629,-94.349,2,0,0,0
4/4/20 23:34,35.677,-82.048,9,0,0,0
4/4/20 23:34,33.479,-82.483,5,1,0,0
4/4/20 23:34,42.325,-88.452,122,3,0,0
4/4/20 23:34,48.231,-100.632,1,1,0,0
4/4/20 23:34,0.0,0.0,2,0,0,0
4/4/20 23:34,46.112,-99.441,1,0,0,0
4/4/20 23:34,41.809,-78.565,1,0,0,0
4/4/20 23:34,47.741,-103.396,2,0,0,0
4/4/20 23:34,35.58,-108.262,46,0,0,0
4/4/20 23:34,40.49,-88.846,40,2,0,0
4/4/20 23:34,37.53,-87.268,1,0,0,0
4/4/20 23:34,47.608,-101.318,2,0,0,0
4/4/20 23:34,31.553,-97.202,50,1,0,0
4/4/20 23:34,44.824,-94.273,1,0,0,0
4/4/20 23:34,35.428,-84.615,3,0,0,0
4/4/20 23:34,35.175,-88.565,3,0,0,0
4/4/20 23:34,38.392,-97.648,8,0,0,0
4/4/20 23:34,37.962,-86.21,2,0,0,0
4/4/20 23:34,44.567,-102.716,1,0,0,0
4/4/20 23:34,46.599,-110.89,1,0,0,0
4/4/20 23:34,35.245,-80.832,650,4,0,0
4/4/20 23:34,36.679,-78.361,8,0,0,0
4/4/20 23:34,43.641,-85.325,4,1,0,0
4/4/20 23:34,41.118,-81.9,74,2,0,0
4/4/20 23:34,29.356,-99.11,3,0,0,0
4/4/20 23:34,45.123,-94.528,1,0,0,0
4/4/20 23:34,35.516,-84.815,2,0,0,0
4/4/20 23:34,40.027,-89.802,1,0,0,0
4/4/20 23:34,39.438,-123.391,4,0,0,0
4/4/20 23:34,37.941,-83.6,3,0,0,0
4/4/20 23:34,45.004,-88.71,1,0,0,0
4/4/20 23:34,37.189,-120.721,16,0,0,0
4/4/20 23:34,41.206,-90.743,1,0,0,0
4/4/20 23:34,37.815,-84.875,3,0,0,0
4/4/20 23:34,40.28,-74.705,586,13,0,0
4/4/20 23:34,40.54,-84.629,6,1,0,0
4/4/20 23:34,41.302,-80.258,14,0,0,0
4/4/20 23:34,37.405,-81.11,3,0,0,0
4/4/20 23:34,33.042,-84.689,10,0,0,0
4/4/20 23:34,41.166,-98.037,2,0,0,0
4/4/20 23:34,43.297,-71.681,36,0,0,0
4/4/20 23:34,39.018,-108.47,20,0,0,0
4/4/20 23:34,40.769,-86.045,8,0,0,0
4/4/20 23:34,38.564,-94.838,2,0,0,0
4/4/20 23:34,40.054,-84.229,69,9,0,0
4/4/20 23:34,25.611,-80.552,3890,31,0,0
4/4/20 23:34,41.459,-72.537,100,4,0,0
4/4/20 23:34,42.486,-71.39,2468,38,0,0
4/4/20 23:34,40.436,-74.414,2578,76,0,0
4/4/20 23:34,43.643,-84.388,17,0,0,0
4/4/20 23:34,31.869,-102.032,22,1,0,0
4/4/20 23:34,40.611,-77.611,4,0,0,0
4/4/20 23:34,30.786,-96.977,2,0,0,0
4/4/20 23:34,33.314,-93.893,8,0,0,0
4/4/20 23:34,31.166,-84.732,10,0,0,0
4/4/20 23:34,41.033,-95.619,1,0,0,0
4/4/20 23:34,43.005,-87.967,1023,24,0,0
4/4/20 23:34,37.67,-106.928,2,0,0,0
4/4/20 23:34,39.416,-78.941,2,0,0,0
4/4/20 23:34,42.855,-113.636,1,0,0,0
4/4/20 23:34,43.674,-96.791,81,0,0,0
4/4/20 23:34,44.338,-85.093,1,1,0,0
4/4/20 23:34,35.763,-90.052,1,0,0,0
4/4/20 23:34,47.037,-113.921,18,1,0,0
4/4/20 23:34,31.225,-84.194,52,1,0,0
4/4/20 23:34,43.356,-92.789,2,0,0,0
4/4/20 23:34,39.393,-98.209,2,0,0,0
4/4/20 23:34,36.011,-82.158,2,0,0,0
4/4/20 23:34,30.785,-88.208,120,5,0,0
4/4/20 23:34,40.618,-108.207,3,0,0,0
4/4/20 23:34,35.705,-113.758,12,0,0,0
4/4/20 23:34,38.636,-92.58,2,0,0,0
4/4/20 23:34,40.265,-74.222,2065,54,0,0
4/4/20 23:34,37.939,-118.887,19,1,0,0
4/4/20 23:34,42.052,-95.957,6,0,0,0
4/4/20 23:34,39.632,-80.048,40,0,0,0
4/4/20 23:34,31.567,-87.37,6,0,0,0
4/4/20 23:34,34.682,-91.205,1,0,0,0
4/4/20 23:34,25.209,-81.078,42,2,0,0
4/4/20 23:34,33.014,-83.921,7,0,0,0
4/4/20 23:34,38.276,-90.178,9,0,0,0
4/4/20 23:34,39.161,-86.524,45,0,0,0
4/4/20 23:34,41.927,-83.537,101,0,0,0
4/4/20 23:34,33.892,-88.481,12,1,0,0
4/4/20 23:34,43.146,-77.693,512,14,0,0
4/4/20 23:34,41.059,-75.34,484,11,0,0
4/4/20 23:34,35.446,-84.249,6,0,0,0
4/4/20 23:34,43.946,-90.619,3,0,0,0
4/4/20 23:34,33.675,-97.725,1,0,0,0
4/4/20 23:34,43.311,-85.153,13,0,0,0
4/4/20 23:34,36.219,-121.241,57,2,0,0
4/4/20 23:34,37.339,-108.596,3,1,0,0
4/4/20 23:34,32.221,-86.21,63,1,0,0
4/4/20 23:34,39.232,-89.478,2,0,0,0
4/4/20 23:34,40.04,-86.893,14,0,0,0
4/4/20 23:34,41.03,-95.156,1,0,0,0
4/4/20 23:34,37.192,-95.743,6,0,0,0
4/4/20 23:34,38.033,-83.915,5,0,0,0
4/4/20 23:34,39.137,-77.204,640,9,0,0
4/4/20 23:34,33.494,-89.617,10,1,0,0
4/4/20 23:34,38.94,-91.47,4,0,0,0
4/4/20 23:34,42.901,-74.44,13,0,0,0
4/4/20 23:34,35.332,-79.904,10,1,0,0
4/4/20 23:34,39.754,-84.291,69,2,0,0
4/4/20 23:34,40.211,-75.367,982,17,0,0
4/4/20 23:34,36.496,-87.386,46,1,0,0
4/4/20 23:34,30.301,-95.506,142,3,0,0
4/4/20 23:34,37.177,-80.379,6,0,0,0
4/4/20 23:34,41.03,-76.663,19,0,0,0
4/4/20 23:34,38.402,-108.264,26,1,0,0
4/4/20 23:34,35.309,-79.485,12,0,0,0
4/4/20 23:34,35.838,-101.893,6,0,0,0
4/4/20 23:34,32.817,-91.804,9,0,0,0
4/4/20 23:34,34.455,-86.855,24,0,0,0
4/4/20 23:34,40.263,-103.809,7,0,0,0
4/4/20 23:34,33.592,-83.491,2,0,0,0
4/4/20 23:34,39.717,-90.203,6,1,0,0
4/4/20 23:34,39.479,-86.446,60,1,0,0
4/4/20 23:34,38.418,-92.888,1,0,0,0
4/4/20 23:34,36.132,-84.649,4,0,0,0
4/4/20 23:34,39.554,-78.263,1,0,0,0
4/4/20 23:34,38.688,-96.651,2,0,0,0
4/4/20 23:34,40.861,-74.546,1618,51,0,0
4/4/20 23:34,33.113,-94.733,1,0,0,0
4/4/20 23:34,40.524,-82.789,3,0,0,0
4/4/20 23:34,45.418,-119.585,2,0,0,0
4/4/20 23:34,46.717,-101.282,16,1,0,0
4/4/20 23:34,39.642,-88.621,1,0,0,0
4/4/20 23:34,48.202,-102.356,13,0,0,0
4/4/20 23:34,43.671,-92.752,17,0,0,0
4/4/20 23:34,45.547,-122.417,175,3,0,0
4/4/20 23:34,34.789,-84.75,9,0,0,0
4/4/20 23:34,41.484,-91.112,27,1,0,0
4/4/20 23:34,32.509,-84.871,33,0,0,0
4/4/20 23:34,43.291,-86.152,31,2,0,0
4/4/20 23:34,39.966,-81.944,4,0,0,0
4/4/20 23:34,35.613,-95.378,17,2,0,0
4/4/20 23:34,46.497,-108.395,1,0,0,0
4/4/20 23:34,31.62,-94.618,15,2,0,0
4/4/20 23:34,38.507,-122.333,20,2,0,0
4/4/20 23:34,35.966,-77.984,18,0,0,0
4/4/20 23:34,30.61,-81.803,21,0,0,0
4/4/20 23:34,40.741,-73.589,13346,95,0,0
4/4/20 23:34,31.723,-93.098,15,0,0,0
4/4/20 23:34,42.962,-106.798,23,0,0,0
4/4/20 23:34,35.4,-110.322,274,1,0,0
4/4/20 23:34,32.046,-96.474,5,1,0,0
4/4/20 23:34,37.803,-85.466,4,0,0,0
4/4/20 23:34,37.788,-78.885,2,0,0,0
4/4/20 23:34,40.385,-95.854,1,0,0,0
4/4/20 23:34,37.559,-95.307,1,0,0,0
4/4/20 23:34,32.753,-89.117,6,0,0,0
4/4/20 23:34,33.663,-93.306,1,0,0,0
4/4/20 23:34,39.304,-120.763,31,1,0,0
4/4/20 23:34,39.58,-75.641,400,7,0,0
4/4/20 23:34,34.258,-77.871,42,0,0,0
4/4/20 23:34,41.408,-72.936,1024,29,0,0
4/4/20 23:34,37.507,-76.998,8,0,0,0
4/4/20 23:34,41.489,-72.104,57,3,0,0
4/4/20 23:34,36.597,-89.661,1,0,0,0
4/4/20 23:34,40.767,-73.972,63306,1905,0,0
4/4/20 23:34,43.554,-85.801,2,0,0,0
4/4/20 23:34,34.286,-81.599,8,0,0,0
4/4/20 23:34,41.564,-71.266,33,0,0,0
4/4/20 23:34,37.082,-76.518,48,1,0,0
4/4/20 23:34,35.919,-93.216,1,0,0,0
4/4/20 23:34,33.555,-83.845,43,1,0,0
4/4/20 23:34,40.956,-87.396,1,0,0,0
4/4/20 23:34,32.4,-89.118,6,0,0,0
4/4/20 23:34,36.905,-94.339,6,0,0,0
4/4/20 23:34,30.785,-93.744,1,0,0,0
4/4/20 23:34,46.326,-116.75,13,2,0,0
4/4/20 23:34,43.199,-78.748,101,0,0,0
4/4/20 23:34,38.333,-84.019,1,0,0,0
4/4/20 23:34,44.353,-94.247,4,0,0,0
4/4/20 23:34,41.397,-85.42,9,0,0,0
4/4/20 23:34,36.39,-97.229,5,0,0,0
4/4/20 23:34,40.361,-94.881,1,0,0,0
4/4/20 23:34,42.161,-71.205,1199,25,0,0
4/4/20 23:34,36.899,-76.264,55,0,0,0
4/4/20 23:34,36.417,-77.398,38,1,0,0
4/4/20 23:34,40.752,-75.305,588,11,0,0
4/4/20 23:34,37.341,-75.878,2,0,0,0
4/4/20 23:34,40.848,-76.708,9,0,0,0
4/4/20 23:34,37.892,-76.419,3,0,0,0
4/4/20 23:34,37.144,-78.051,1,0,0,0
4/4/20 23:34,36.798,-95.619,8,0,0,0
4/4/20 23:34,33.11,-88.569,5,0,0,0
4/4/20 23:34,27.736,-97.543,47,0,0,0
4/4/20 23:34,38.043,-116.472,7,0,0,0
4/4/20 23:34,43.083,-95.625,3,0,0,0
4/4/20 23:34,42.661,-83.386,2785,142,0,0
4/4/20 23:34,36.357,-89.149,2,1,0,0
4/4/20 23:34,39.89,-74.281,2003,56,0,0
4/4/20 23:34,43.641,-86.267,3,0,0,0
4/4/20 23:34,33.837,-83.437,22,0,0,0
4/4/20 23:34,34.752,-83.067,8,0,0,0
4/4/20 23:34,45.027,-88.268,1,0,0,0
4/4/20 23:34,44.335,-84.127,2,0,0,0
4/4/20 23:34,42.042,-89.322,4,0,0,0
4/4/20 23:34,33.879,-83.083,1,1,0,0
4/4/20 23:34,38.955,-84.965,1,0,0,0
4/4/20 23:34,37.478,-86.854,1,0,0,0
4/4/20 23:34,40.096,-80.622,11,0,0,0
4/4/20 23:34,30.691,-86.593,59,1,0,0
4/4/20 23:34,48.549,-119.739,6,0,0,0
4/4/20 23:34,27.386,-80.889,3,0,0,0
4/4/20 23:34,35.551,-97.407,256,10,0,0
4/4/20 23:34,35.647,-95.964,11,0,0,0
4/4/20 23:34,33.425,-88.879,24,0,0,0
4/4/20 23:34,38.398,-85.448,6,0,0,0
4/4/20 23:34,35.404,-102.603,2,1,0,0
4/4/20 23:34,47.115,-101.341,1,0,0,0
4/4/20 23:34,44.004,-92.402,88,2,0,0
4/4/20 23:34,43.244,-75.437,80,1,0,0
4/4/20 23:34,45.707,-89.519,3,0,0,0
4/4/20 23:34,43.005,-76.2,349,4,0,0
4/4/20 23:34,34.726,-77.429,16,1,0,0
4/4/20 23:34,42.851,-77.309,31,0,0,0
4/4/20 23:34,33.701,-117.765,786,14,0,0
4/4/20 23:34,28.514,-81.318,657,8,0,0
4/4/20 23:34,38.541,-86.495,5,1,0,0
4/4/20 23:34,41.403,-74.302,2741,40,0,0
4/4/20 23:34,36.061,-79.122,52,0,0,0
4/4/20 23:34,30.119,-93.894,7,0,0,0
4/4/20 23:34,44.005,-72.376,4,0,0,0
4/4/20 23:34,38.245,-78.016,5,0,0,0
4/4/20 23:34,33.439,-80.799,26,0,0,0
4/4/20 23:34,30.07,-89.927,3966,153,0,0
4/4/20 23:34,43.252,-78.232,10,0,0,0
4/4/20 23:34,44.83,-72.246,8,0,0,0
4/4/20 23:34,38.652,-95.727,3,0,0,0
4/4/20 23:34,38.46,-91.861,2,0,0,0
4/4/20 23:34,36.629,-96.396,25,2,0,0
4/4/20 23:34,39.35,-98.768,2,0,0,0
4/4/20 23:34,28.063,-81.149,216,4,0,0
4/4/20 23:34,43.99,-85.326,4,0,0,0
4/4/20 23:34,44.682,-84.129,2,0,0,0
4/4/20 23:34,43.428,-76.146,28,0,0,0
4/4/20 23:34,37.901,-103.717,3,0,0,0
4/4/20 23:34,32.613,-105.742,2,0,0,0
4/4/20 23:34,40.648,-96.134,1,0,0,0
4/4/20 23:34,45.021,-84.599,22,1,0,0
4/4/20 23:34,42.635,-75.032,26,1,0,0
4/4/20 23:34,39.132,-97.65,2,0,0,0
4/4/20 23:34,42.96,-85.997,39,0,0,0
4/4/20 23:34,41.538,-83.094,5,0,0,0
4/4/20 23:34,36.835,-94.81,10,0,0,0
4/4/20 23:34,46.408,-95.708,1,0,0,0
4/4/20 23:34,33.588,-92.878,1,0,0,0
4/4/20 23:34,32.476,-92.157,176,1,0,0
4/4/20 23:34,0.0,0.0,0,1,0,0
4/4/20 23:34,0.0,0.0,2,0,0,0
4/4/20 23:34,0.0,0.0,83,1,0,0
4/4/20 23:34,0.0,0.0,2,0,0,0
4/4/20 23:34,0.0,0.0,218,1,0,0
4/4/20 23:34,44.416,-88.466,19,0,0,0
4/4/20 23:34,36.341,-85.29,2,0,0,0
4/4/20 23:34,39.311,-86.839,13,0,0,0
4/4/20 23:34,42.58,-116.169,2,0,0,0
4/4/20 23:34,44.5,-70.757,11,0,0,0
4/4/20 23:34,43.384,-87.946,50,5,0,0
4/4/20 23:34,40.739,-95.15,3,0,0,0
4/4/20 23:34,38.618,-78.488,2,0,0,0
4/4/20 23:34,26.647,-80.465,954,35,0,0
4/4/20 23:34,32.753,-98.313,1,0,0,0
4/4/20 23:34,35.153,-76.666,3,0,0,0
4/4/20 23:34,34.364,-89.951,10,1,0,0
4/4/20 23:34,32.164,-94.306,4,1,0,0
4/4/20 23:34,39.121,-105.718,5,0,0,0
4/4/20 23:34,45.49,-110.526,6,0,0,0
4/4/20 23:34,44.522,-109.585,1,0,0,0
4/4/20 23:34,39.772,-87.204,2,0,0,0
4/4/20 23:34,32.778,-97.805,6,0,0,0
4/4/20 23:34,28.308,-82.402,90,2,0,0
4/4/20 23:34,36.267,-76.251,8,0,0,0
4/4/20 23:34,41.032,-74.3,2856,38,0,0
4/4/20 23:34,33.92,-84.868,48,0,0,0
4/4/20 23:34,36.317,-96.703,16,1,0,0
4/4/20 23:34,44.005,-116.765,5,0,0,0
4/4/20 23:34,36.077,-96.976,20,0,0,0
4/4/20 23:34,32.569,-83.829,10,1,0,0
4/4/20 23:34,30.771,-89.587,43,1,0,0
4/4/20 23:34,36.213,-89.787,3,0,0,0
4/4/20 23:34,48.532,-117.274,1,0,0,0
4/4/20 23:34,34.523,-77.904,1,0,0,0
4/4/20 23:34,38.696,-84.356,1,0,0,0
4/4/20 23:34,38.683,-79.351,1,0,0,0
4/4/20 23:34,44.003,-102.824,6,1,0,0
4/4/20 23:34,45.402,-68.65,22,0,0,0
4/4/20 23:34,40.787,-89.761,11,0,0,0
4/4/20 23:34,44.583,-91.999,7,0,0,0
4/4/20 23:34,36.178,-76.406,1,0,0,0
4/4/20 23:34,34.946,-92.944,1,0,0,0
4/4/20 23:34,37.25,-83.229,3,0,0,0
4/4/20 23:34,31.172,-88.993,13,1,0,0
4/4/20 23:34,37.707,-89.827,22,0,0,0
4/4/20 23:34,39.735,-82.238,3,0,0,0
4/4/20 23:34,40.402,-77.263,5,1,0,0
4/4/20 23:34,35.637,-87.861,3,0,0,0
4/4/20 23:34,36.39,-78.972,4,0,0,0
4/4/20 23:34,57.14,-132.954,1,0,0,0
4/4/20 23:34,37.205,-77.394,10,0,0,0
4/4/20 23:34,38.728,-93.285,2,0,0,0
4/4/20 23:34,40.003,-75.138,3008,24,0,0
4/4/20 23:34,40.594,-102.358,2,0,0,0
4/4/20 23:34,40.014,-88.593,1,0,0,0
4/4/20 23:34,39.642,-83.024,20,0,0,0
4/4/20 23:34,33.281,-88.088,12,0,0,0
4/4/20 23:34,34.466,-84.464,9,1,0,0
4/4/20 23:34,34.888,-82.728,17,0,0,0
4/4/20 23:34,31.359,-82.216,16,0,0,0
4/4/20 23:34,48.25,-99.964,2,0,0,0
4/4/20 23:34,47.039,-122.141,620,14,0,0
4/4/20 23:34,44.719,-92.422,7,0,0,0
4/4/20 23:34,31.804,-85.941,9,0,0,0
4/4/20 23:34,34.163,-93.658,1,0,0,0
4/4/20 23:34,33.093,-84.388,4,0,0,0
4/4/20 23:34,39.623,-90.888,1,0,0,0
4/4/20 23:34,37.471,-82.395,1,0,0,0
4/4/20 23:34,31.175,-90.404,23,0,0,0
4/4/20 23:34,39.343,-91.17,2,0,0,0
4/4/20 23:34,39.076,-83.068,1,0,0,0
4/4/20 23:34,41.332,-75.032,97,1,0,0
4/4/20 23:34,32.097,-111.789,326,11,0,0
4/4/20 23:34,32.905,-111.345,89,0,0,0
4/4/20 23:34,27.931,-82.722,342,7,0,0
4/4/20 23:34,39.217,-106.931,38,2,0,0
4/4/20 23:34,35.595,-77.374,35,0,0,0
4/4/20 23:34,34.921,-95.751,3,0,0,0
4/4/20 23:34,36.82,-79.397,2,0,0,0
4/4/20 23:34,39.062,-120.724,97,2,0,0
4/4/20 23:34,29.422,-89.603,86,4,0,0
4/4/20 23:34,39.382,-94.771,14,0,0,0
4/4/20 23:34,41.572,-97.521,4,0,0,0
4/4/20 23:34,39.371,-81.168,1,0,0,0
4/4/20 23:34,40.004,-120.84,2,0,0,0
4/4/20 23:34,42.738,-96.214,3,0,0,0
4/4/20 23:34,41.941,-70.808,898,8,0,0
4/4/20 23:34,35.574,-90.663,5,0,0,0
4/4/20 23:34,30.714,-91.602,16,0,0,0
4/4/20 23:34,34.483,-94.227,5,0,0,0
4/4/20 23:34,27.95,-81.697,142,4,0,0
4/4/20 23:34,34.003,-85.187,18,0,0,0
4/4/20 23:34,41.687,-93.578,109,1,0,0
4/4/20 23:34,47.774,-96.401,1,0,0,0
4/4/20 23:34,35.278,-82.168,6,0,0,0
4/4/20 23:34,44.903,-123.413,20,1,0,0
4/4/20 23:34,35.122,-84.521,3,0,0,0
4/4/20 23:34,30.795,-94.828,7,0,0,0
4/4/20 23:34,34.226,-89.036,12,1,0,0
4/4/20 23:34,34.73,-96.683,7,0,0,0
4/4/20 23:34,35.449,-93.032,8,0,0,0
4/4/20 23:34,37.143,-76.358,3,0,0,0
4/4/20 23:34,41.168,-81.197,74,3,0,0
4/4/20 23:34,44.476,-89.502,3,0,0,0
4/4/20 23:34,41.46,-87.068,51,0,0,0
4/4/20 23:34,36.859,-76.36,26,0,0,0
4/4/20 23:34,38.021,-87.865,5,0,0,0
4/4/20 23:34,39.379,-96.346,2,0,0,0
4/4/20 23:34,35.206,-96.949,11,0,0,0
4/4/20 23:34,41.336,-95.539,8,0,0,0
4/4/20 23:34,41.745,-77.896,3,0,0,0
4/4/20 23:34,35.401,-101.894,24,0,0,0
4/4/20 23:34,37.832,-83.826,1,0,0,0
4/4/20 23:34,41.686,-92.532,6,1,0,0
4/4/20 23:34,37.55,-77.913,4,0,0,0
4/4/20 23:34,34.836,-91.552,1,0,0,0
4/4/20 23:34,37.648,-98.739,1,0,0,0
4/4/20 23:34,39.742,-84.648,4,0,0,0
4/4/20 23:34,34.618,-88.52,9,0,0,0
4/4/20 23:34,39.468,-79.667,5,0,0,0
4/4/20 23:34,37.226,-78.436,3,0,0,0
4/4/20 23:34,37.185,-77.229,16,0,0,0
4/4/20 23:34,38.831,-76.85,653,13,0,0
4/4/20 23:34,38.709,-77.487,159,1,0,0
4/4/20 23:34,41.871,-71.578,418,3,0,0
4/4/20 23:34,38.174,-104.513,31,2,0,0
4/4/20 23:34,34.771,-92.314,137,2,0,0
4/4/20 23:34,32.233,-83.475,7,0,0,0
4/4/20 23:34,37.105,-84.576,12,1,0,0
4/4/20 23:34,37.825,-92.208,10,0,0,0
4/4/20 23:34,37.065,-80.712,1,0,0,0
4/4/20 23:34,29.608,-81.742,18,1,0,0
4/4/20 23:34,33.321,-83.376,2,0,0,0
4/4/20 23:34,39.664,-86.845,14,1,0,0
4/4/20 23:34,41.426,-73.75,283,7,0,0
4/4/20 23:34,36.14,-85.506,52,0,0,0
4/4/20 23:34,38.508,-81.908,5,0,0,0
4/4/20 23:34,39.062,-76.035,13,0,0,0
4/4/20 23:34,31.867,-85.018,1,0,0,0
4/4/20 23:34,34.252,-90.289,5,0,0,0
4/4/20 23:34,34.884,-83.403,2,0,0,0
4/4/20 23:34,42.748,-88.059,41,0,0,0
4/4/20 23:34,37.122,-80.56,1,0,0,0
4/4/20 23:34,37.769,-81.246,4,0,0,0
4/4/20 23:34,39.528,-91.518,1,0,0,0
4/4/20 23:34,45.016,-93.099,79,2,0,0
4/4/20 23:34,48.269,-98.722,3,0,0,0
4/4/20 23:34,34.966,-101.897,24,0,0,0
4/4/20 23:34,33.295,-85.457,10,1,0,0
4/4/20 23:34,36.342,-91.025,1,0,0,0
4/4/20 23:34,31.766,-84.757,16,0,0,0
4/4/20 23:34,38.051,-89.825,20,0,0,0
4/4/20 23:34,40.157,-85.011,5,1,0,0
4/4/20 23:34,39.44,-92.497,7,0,0,0
4/4/20 23:34,35.71,-79.806,26,1,0,0
4/4/20 23:34,38.77,-79.879,3,0,0,0
4/4/20 23:34,32.265,-89.945,66,1,0,0
4/4/20 23:34,31.198,-92.53,97,4,0,0
4/4/20 23:34,46.085,-114.119,2,0,0,0
4/4/20 23:34,39.354,-93.989,3,0,0,0
4/4/20 23:34,32.095,-93.342,2,0,0,0
4/4/20 23:34,31.323,-103.69,1,0,0,0
4/4/20 23:34,37.952,-98.086,9,0,0,0
4/4/20 23:34,42.713,-73.511,67,0,0,0
4/4/20 23:34,44.728,-94.946,2,0,0,0
4/4/20 23:34,37.361,-90.97,2,0,0,0
4/4/20 23:34,44.354,-93.297,4,0,0,0
4/4/20 23:34,32.414,-91.766,9,0,0,0
4/4/20 23:34,40.772,-82.538,14,0,0,0
4/4/20 23:34,34.018,-80.903,242,6,0,0
4/4/20 23:34,43.376,-90.43,2,0,0,0
4/4/20 23:34,33.358,-82.07,51,1,0,0
4/4/20 23:34,37.533,-77.48,96,0,0,0
4/4/20 23:34,39.289,-96.734,11,0,0,0
4/4/20 23:34,36.511,-106.693,5,0,0,0
4/4/20 23:34,39.979,-108.218,1,0,0,0
4/4/20 23:34,37.584,-106.385,5,0,0,0
4/4/20 23:34,39.102,-85.262,51,2,0,0
4/4/20 23:34,36.655,-90.86,2,0,0,0
4/4/20 23:34,33.743,-115.993,638,15,0,0
4/4/20 23:34,35.849,-84.525,5,0,0,0
4/4/20 23:34,38.716,-81.352,2,0,0,0
4/4/20 23:34,37.269,-80.064,5,0,0,0
4/4/20 23:34,37.278,-79.962,10,0,0,0
4/4/20 23:34,45.63,-96.947,4,0,0,0
4/4/20 23:34,36.525,-86.873,51,0,0,0
4/4/20 23:34,31.025,-96.513,2,0,0,0
4/4/20 23:34,34.642,-79.103,5,0,0,0
4/4/20 23:34,42.672,-89.071,20,1,0,0
4/4/20 23:34,41.466,-90.57,29,0,0,0
4/4/20 23:34,37.812,-79.446,3,0,0,0
4/4/20 23:34,37.366,-84.312,1,0,0,0
4/4/20 23:34,33.651,-84.022,70,2,0,0
4/4/20 23:34,42.985,-71.129,190,1,0,0
4/4/20 23:34,36.396,-79.775,5,1,0,0
4/4/20 23:34,38.51,-78.873,15,0,0,0
4/4/20 23:34,41.15,-74.026,4872,69,0,0
4/4/20 23:34,32.898,-96.408,11,0,0,0
4/4/20 23:34,36.37,-95.604,12,0,0,0
4/4/20 23:34,48.296,-105.008,1,0,0,0
4/4/20 23:34,34.021,-103.48,1,0,0,0
4/4/20 23:34,44.335,-84.611,2,0,0,0
4/4/20 23:34,39.337,-83.06,4,0,0,0
4/4/20 23:34,40.486,-106.991,28,0,0,0
4/4/20 23:34,35.64,-80.524,44,1,0,0
4/4/20 23:34,39.62,-85.466,10,1,0,0
4/4/20 23:34,32.108,-94.762,11,0,0,0
4/4/20 23:34,45.475,-91.133,1,0,0,0
4/4/20 23:34,32.287,-85.184,7,0,0,0
4/4/20 23:34,36.993,-85.061,1,0,0,0
4/4/20 23:34,35.401,-81.921,12,0,0,0
4/4/20 23:34,35.846,-86.411,140,3,0,0
4/4/20 23:34,43.577,-73.037,24,0,0,0
4/4/20 23:34,31.564,-93.554,4,0,0,0
4/4/20 23:34,38.451,-121.343,390,10,0,0
4/4/20 23:34,43.954,-69.851,13,0,0,0
4/4/20 23:34,43.334,-84.051,103,0,0,0
4/4/20 23:34,38.081,-106.282,3,0,0,0
4/4/20 23:34,39.587,-75.347,25,2,0,0
4/4/20 23:34,37.284,-80.062,1,0,0,0
4/4/20 23:34,34.649,-92.676,21,0,0,0
4/4/20 23:34,37.753,-88.541,1,0,0,0
4/4/20 23:34,38.784,-97.652,5,0,0,0
4/4/20 23:34,39.137,-93.203,2,0,0,0
4/4/20 23:34,40.666,-111.922,650,4,0,0
4/4/20 23:34,34.008,-81.727,4,0,0,0
4/4/20 23:34,34.988,-78.369,2,0,0,0
4/4/20 23:34,31.395,-94.17,4,1,0,0
4/4/20 23:34,36.603,-121.07,23,2,0,0
4/4/20 23:34,34.841,-116.177,353,13,0,0
4/4/20 23:34,33.035,-116.737,1112,17,0,0
4/4/20 23:34,37.752,-122.439,529,8,0,0
4/4/20 23:34,30.579,-95.163,1,0,0,0
4/4/20 23:34,37.934,-121.273,185,11,0,0
4/4/20 23:34,36.388,-108.238,72,0,0,0
4/4/20 23:34,37.628,-109.803,12,0,0,0
4/4/20 23:34,48.602,-122.967,6,0,0,0
4/4/20 23:34,35.388,-120.404,93,0,0,0
4/4/20 23:34,37.423,-122.328,538,13,0,0
4/4/20 23:34,38.005,-108.402,9,0,0,0
4/4/20 23:34,35.48,-104.816,1,0,0,0
4/4/20 23:34,28.009,-97.518,4,0,0,0
4/4/20 23:34,35.689,-106.869,66,2,0,0
4/4/20 23:34,41.356,-83.138,5,0,0,0
4/4/20 23:34,39.758,-89.659,25,2,0,0
4/4/20 23:34,43.424,-82.821,13,1,0,0
4/4/20 23:34,34.653,-120.019,152,1,0,0
4/4/20 23:34,37.231,-121.697,1148,39,0,0
4/4/20 23:34,31.525,-110.848,4,0,0,0
4/4/20 23:34,37.056,-122.007,59,1,0,0
4/4/20 23:34,35.507,-105.977,52,0,0,0
4/4/20 23:34,30.693,-87.025,50,2,0,0
4/4/20 23:34,27.185,-82.332,129,7,0,0
4/4/20 23:34,43.109,-73.867,141,1,0,0
4/4/20 23:34,41.113,-96.112,26,0,0,0
4/4/20 23:34,43.426,-89.95,18,2,0,0
4/4/20 23:34,41.228,-96.638,4,0,0,0
4/4/20 23:34,42.817,-74.053,117,5,0,0
4/4/20 23:34,32.265,-84.313,6,0,0,0
4/4/20 23:34,42.588,-74.443,11,0,0,0
4/4/20 23:34,42.392,-76.877,4,0,0,0
4/4/20 23:34,40.705,-76.215,77,0,0,0
4/4/20 23:34,34.839,-79.476,2,0,0,0
4/4/20 23:34,34.856,-94.063,1,0,0,0
4/4/20 23:34,38.687,-85.746,7,1,0,0
4/4/20 23:34,41.639,-90.62,38,0,0,0
4/4/20 23:34,38.296,-84.582,12,0,0,0
4/4/20 23:34,44.649,-93.533,12,1,0,0
4/4/20 23:34,32.407,-89.538,17,0,0,0
4/4/20 23:34,37.056,-89.565,7,0,0,0
4/4/20 23:34,36.423,-84.504,3,0,0,0
4/4/20 23:34,41.851,-103.708,3,0,0,0
4/4/20 23:34,32.75,-81.608,2,0,0,0
4/4/20 23:34,35.911,-92.699,2,0,0,0
4/4/20 23:34,35.196,-94.272,8,0,0,0
4/4/20 23:34,37.684,-97.461,97,1,0,0
4/4/20 23:34,28.716,-81.241,178,1,0,0
4/4/20 23:34,30.935,-84.868,8,0,0,0
4/4/20 23:34,35.165,-96.617,2,0,0,0
4/4/20 23:34,42.781,-76.825,6,0,0,0
4/4/20 23:34,41.124,-83.128,5,1,0,0
4/4/20 23:34,35.37,-85.41,2,0,0,0
4/4/20 23:34,35.494,-94.755,4,1,0,0
4/4/20 23:34,33.998,-94.242,1,0,0,0
4/4/20 23:34,35.781,-83.522,13,0,0,0
4/4/20 23:34,32.881,-90.816,2,0,0,0
4/4/20 23:34,36.163,-91.478,1,0,0,0
4/4/20 23:34,40.764,-122.04,12,2,0,0
4/4/20 23:34,39.041,-95.756,27,2,0,0
4/4/20 23:34,43.721,-87.946,20,1,0,0
4/4/20 23:34,33.269,-86.662,139,5,0,0
4/4/20 23:34,39.523,-85.792,32,0,0,0
4/4/20 23:34,41.685,-95.31,5,0,0,0
4/4/20 23:34,38.215,-85.194,7,0,0,0
4/4/20 23:34,39.797,-92.076,1,0,0,0
4/4/20 23:34,40.332,-84.203,10,0,0,0
4/4/20 23:34,35.186,-89.897,689,8,0,0
4/4/20 23:34,31.792,-94.146,11,0,0,0
4/4/20 23:34,38.859,-78.568,10,0,0,0
4/4/20 23:34,45.444,-93.776,9,0,0,0
4/4/20 23:34,44.79,-106.886,11,0,0,0
4/4/20 23:34,42.954,-84.146,22,0,0,0
4/4/20 23:34,44.58,-94.232,1,0,0,0
4/4/20 23:34,45.9,-112.662,11,0,0,0
4/4/20 23:34,36.741,-86.58,13,1,0,0
4/4/20 23:34,31.913,-89.917,5,0,0,0
4/4/20 23:34,43.082,-96.177,7,0,0,0
4/4/20 23:34,46.113,-101.044,1,0,0,0
4/4/20 23:34,41.592,-122.541,3,0,0,0
4/4/20 23:34,48.482,-121.766,161,4,0,0
4/4/20 23:34,46.024,-121.916,1,0,0,0
4/4/20 23:34,46.447,-103.46,1,0,0,0
4/4/20 23:34,32.017,-89.506,6,0,0,0
4/4/20 23:34,36.254,-85.954,3,0,0,0
4/4/20 23:34,32.375,-95.272,57,1,0,0
4/4/20 23:34,36.845,-81.533,2,0,0,0
4/4/20 23:34,48.046,-121.717,1503,58,0,0
4/4/20 23:34,40.771,-77.068,6,1,0,0
4/4/20 23:34,34.007,-106.93,4,0,0,0
4/4/20 23:34,38.268,-121.936,73,1,0,0
4/4/20 23:34,45.512,-69.96,3,0,0,0
4/4/20 23:34,38.116,-75.751,4,0,0,0
4/4/20 23:34,40.565,-74.617,765,24,0,0
4/4/20 23:34,39.972,-79.027,3,0,0,0
4/4/20 23:34,38.527,-122.886,105,2,0,0
4/4/20 23:34,36.722,-77.106,5,0,0,0
4/4/20 23:34,63.877,-143.213,1,0,0,0
4/4/20 23:34,33.263,-84.28,24,1,0,0
4/4/20 23:34,34.93,-81.992,72,0,0,0
4/4/20 23:34,38.015,-87.008,1,0,0,0
4/4/20 23:34,38.032,-85.327,2,0,0,0
4/4/20 23:34,44.938,-98.346,2,0,0,0
4/4/20 23:34,47.621,-117.405,209,11,0,0
4/4/20 23:34,38.186,-77.655,18,0,0,0
4/4/20 23:34,29.878,-89.519,239,8,0,0
4/4/20 23:34,29.907,-90.356,252,12,0,0
4/4/20 23:34,38.779,-90.667,151,4,0,0
4/4/20 23:34,33.719,-86.31,32,0,0,0
4/4/20 23:34,38.47,-89.931,80,2,0,0
4/4/20 23:34,42.927,-82.679,85,2,0,0
4/4/20 23:34,45.034,-92.45,7,0,0,0
4/4/20 23:34,35.022,-90.748,1,0,0,0
4/4/20 23:34,37.812,-90.476,14,0,0,0
4/4/20 23:34,30.822,-90.71,4,0,0,0
4/4/20 23:34,30.025,-90.802,150,6,0,0
4/4/20 23:34,30.126,-90.475,338,23,0,0
4/4/20 23:34,29.901,-81.436,132,2,0,0
4/4/20 23:34,41.618,-86.29,89,1,0,0
4/4/20 23:34,41.914,-85.528,9,0,0,0
4/4/20 23:34,30.597,-92.001,45,2,0,0
4/4/20 23:34,44.498,-75.066,52,0,0,0
4/4/20 23:34,47.605,-92.469,13,0,0,0
4/4/20 23:34,38.638,-90.446,864,7,0,0
4/4/20 23:34,38.636,-90.243,297,5,0,0
4/4/20 23:34,27.378,-80.471,76,3,0,0
4/4/20 23:34,30.131,-91.614,64,5,0,0
4/4/20 23:34,29.693,-91.447,65,0,0,0
4/4/20 23:34,38.301,-76.606,34,0,0,0
4/4/20 23:34,30.409,-89.956,532,14,0,0
4/4/20 23:34,38.031,-98.718,1,0,0,0
4/4/20 23:34,38.418,-77.459,38,0,0,0
4/4/20 23:34,37.559,-120.997,58,0,0,0
4/4/20 23:34,35.316,-80.251,7,0,0,0
4/4/20 23:34,46.809,-102.658,22,0,0,0
4/4/20 23:34,40.815,-81.364,92,5,0,0
4/4/20 23:34,41.279,-86.647,2,0,0,0
4/4/20 23:34,26.562,-98.739,5,0,0,0
4/4/20 23:34,38.16,-79.06,1,0,0,0
4/4/20 23:34,37.891,-90.195,6,0,0,0
4/4/20 23:34,45.552,-94.611,6,0,0,0
4/4/20 23:34,44.022,-93.226,8,0,0,0
4/4/20 23:34,34.552,-83.294,5,0,0,0
4/4/20 23:34,34.486,-97.851,9,1,0,0
4/4/20 23:34,42.351,-89.663,3,0,0,0
4/4/20 23:34,41.644,-85.001,4,0,0,0
4/4/20 23:34,42.269,-77.383,60,0,0,0
4/4/20 23:34,37.192,-101.312,1,0,0,0
4/4/20 23:34,48.4,-117.854,5,0,0,0
4/4/20 23:34,32.08,-84.832,1,0,0,0
4/4/20 23:34,36.502,-87.839,1,0,0,0
4/4/20 23:34,36.856,-89.944,7,0,0,0
4/4/20 23:34,36.402,-80.239,5,0,0,0
4/4/20 23:34,35.863,-92.157,5,0,0,0
4/4/20 23:34,36.75,-93.453,2,0,0,0
4/4/20 23:34,42.036,-93.465,5,0,0,0
4/4/20 23:34,43.292,-71.023,36,0,0,0
4/4/20 23:34,42.766,-109.913,1,0,0,0
4/4/20 23:34,42.328,-71.079,2429,26,0,0
4/4/20 23:34,40.883,-72.801,11370,124,0,0
4/4/20 23:34,36.702,-76.636,20,0,0,0
4/4/20 23:34,39.09,-87.414,3,0,0,0
4/4/20 23:34,43.361,-72.222,5,0,0,0
4/4/20 23:34,41.716,-74.764,193,5,0,0
4/4/20 23:34,41.446,-76.512,1,0,0,0
4/4/20 23:34,36.512,-82.304,18,1,0,0
4/4/20 23:34,39.638,-106.115,50,0,0,0
4/4/20 23:34,41.125,-81.531,184,7,0,0
4/4/20 23:34,40.867,-110.954,230,0,0,0
4/4/20 23:34,37.237,-97.477,2,0,0,0
4/4/20 23:34,36.468,-86.459,301,10,0,0
4/4/20 23:34,32.591,-88.199,6,0,0,0
4/4/20 23:34,28.702,-82.079,73,3,0,0
4/4/20 23:34,32.037,-84.198,80,4,0,0
4/4/20 23:34,33.918,-80.379,79,3,0,0
4/4/20 23:34,33.602,-90.589,18,1,0,0
4/4/20 23:34,36.417,-80.691,3,0,0,0
4/4/20 23:34,37.118,-76.885,3,0,0,0
4/4/20 23:34,41.821,-75.801,5,0,0,0
4/4/20 23:34,38.661,-75.39,125,3,0,0
4/4/20 23:34,41.139,-74.691,236,9,0,0
4/4/20 23:34,36.924,-77.258,3,0,0,0
4/4/20 23:34,39.034,-121.695,16,1,0,0
4/4/20 23:34,30.197,-82.991,17,0,0,0
4/4/20 23:34,35.487,-83.487,1,0,0,0
4/4/20 23:34,41.659,-108.883,4,0,0,0
4/4/20 23:34,34.53,-101.735,1,0,0,0
4/4/20 23:34,38.828,-85.03,7,0,0,0
4/4/20 23:34,32.696,-84.534,3,0,0,0
4/4/20 23:34,38.766,-76.109,6,0,0,0
4/4/20 23:34,33.378,-86.169,17,0,0,0
4/4/20 23:34,33.953,-90.173,2,0,0,0
4/4/20 23:34,32.867,-85.798,21,1,0,0
4/4/20 23:34,42.08,-92.533,29,0,0,0
4/4/20 23:34,36.655,-93.041,5,0,0,0
4/4/20 23:34,30.629,-90.407,131,2,0,0
4/4/20 23:34,36.58,-105.631,13,0,0,0
4/4/20 23:34,32.771,-97.291,404,9,0,0
4/4/20 23:34,34.651,-89.945,14,0,0,0
4/4/20 23:34,32.048,-82.055,3,0,0,0
4/4/20 23:34,32.558,-84.251,2,0,0,0
4/4/20 23:34,40.737,-94.698,1,0,0,0
4/4/20 23:34,37.368,-85.333,2,0,0,0
4/4/20 23:34,32.302,-99.89,27,1,0,0
4/4/20 23:34,40.507,-89.514,10,0,0,0
4/4/20 23:34,37.122,-81.567,2,0,0,0
4/4/20 23:34,40.126,-122.237,1,0,0,0
4/4/20 23:34,31.928,-82.935,3,0,0,0
4/4/20 23:34,38.881,-105.161,11,1,0,0
4/4/20 23:34,29.373,-90.826,143,5,0,0
4/4/20 23:34,31.775,-84.441,52,2,0,0
4/4/20 23:34,33.174,-102.335,4,0,0,0
4/4/20 23:34,43.753,-111.206,3,0,0,0
4/4/20 23:34,43.935,-110.589,36,0,0,0
4/4/20 23:34,37.317,-91.966,1,0,0,0
4/4/20 23:34,36.748,-101.489,1,0,0,0
4/4/20 23:34,30.864,-83.918,26,0,0,0
4/4/20 23:34,46.929,-122.829,64,1,0,0
4/4/20 23:34,31.457,-83.524,34,0,0,0
4/4/20 23:34,45.462,-123.712,3,0,0,0
4/4/20 23:34,34.373,-98.924,1,0,0,0
4/4/20 23:34,42.169,-76.308,8,0,0,0
4/4/20 23:34,41.773,-77.254,3,0,0,0
4/4/20 23:34,34.769,-88.91,31,3,0,0
4/4/20 23:34,40.389,-86.894,28,1,0,0
4/4/20 23:34,40.311,-86.052,6,0,0,0
4/4/20 23:34,35.502,-89.737,31,0,0,0
4/4/20 23:34,34.74,-88.239,1,0,0,0
4/4/20 23:34,33.213,-94.968,1,0,0,0
4/4/20 23:34,43.193,-100.72,1,0,0,0
4/4/20 23:34,41.859,-72.331,91,10,0,0
4/4/20 23:34,31.405,-100.462,20,0,0,0
4/4/20 23:34,42.449,-76.472,93,0,0,0
4/4/20 23:34,40.449,-113.13,17,0,0,0
4/4/20 23:34,48.656,-111.694,12,3,0,0
4/4/20 23:34,32.121,-82.33,5,1,0,0
4/4/20 23:34,34.64,-105.851,3,0,0,0
4/4/20 23:34,34.914,-83.741,1,0,0,0
4/4/20 23:34,35.204,-82.796,5,0,0,0
4/4/20 23:34,45.773,-96.471,2,0,0,0
4/4/20 23:34,30.334,-97.785,430,4,0,0
4/4/20 23:34,44.304,-91.359,1,0,0,0
4/4/20 23:34,31.088,-95.137,2,0,0,0
4/4/20 23:34,33.033,-85.028,32,1,0,0
4/4/20 23:34,36.39,-86.161,7,1,0,0
4/4/20 23:34,41.317,-80.761,90,6,0,0
4/4/20 23:34,39.112,-79.571,3,0,0,0
4/4/20 23:34,36.22,-118.802,81,3,0,0
4/4/20 23:34,36.119,-95.94,221,8,0,0
4/4/20 23:34,34.65,-90.375,15,1,0,0
4/4/20 23:34,38.026,-119.953,2,0,0,0
4/4/20 23:34,31.716,-83.621,12,0,0,0
4/4/20 23:34,43.311,-97.149,3,0,0,0
4/4/20 23:34,33.287,-87.526,44,0,0,0
4/4/20 23:34,40.442,-81.472,19,0,0,0
4/4/20 23:34,43.466,-83.419,20,2,0,0
4/4/20 23:34,32.674,-83.431,2,0,0,0
4/4/20 23:34,42.354,-114.669,33,1,0,0
4/4/20 23:34,30.77,-94.377,2,0,0,0
4/4/20 23:34,41.288,-110.548,2,0,0,0
4/4/20 23:34,40.125,-109.517,1,0,0,0
4/4/20 23:34,41.89,-74.263,290,4,0,0
4/4/20 23:34,45.591,-118.735,5,0,0,0
4/4/20 23:34,0.0,0.0,0,4,0,0
4/4/20 23:34,0.0,0.0,0,2,0,0
4/4/20 23:34,0.0,0.0,53,8,0,0
4/4/20 23:34,0.0,0.0,158,0,0,0
4/4/20 23:34,0.0,0.0,241,1,0,0
4/4/20 23:34,0.0,0.0,0,2,0,0
4/4/20 23:34,0.0,0.0,1,1,0,0
4/4/20 23:34,0.0,0.0,245,4,0,0
4/4/20 23:34,0.0,0.0,8,0,0,0
4/4/20 23:34,0.0,0.0,58,1,0,0
4/4/20 23:34,0.0,0.0,0,3,0,0
4/4/20 23:34,0.0,0.0,0,0,0,0
4/4/20 23:34,0.0,0.0,29,6,0,0
4/4/20 23:34,0.0,0.0,31,0,0,0
4/4/20 23:34,0.0,0.0,12,3,0,0
4/4/20 23:34,0.0,0.0,0,0,0,0
4/4/20 23:34,0.0,0.0,274,9,0,0
4/4/20 23:34,0.0,0.0,252,1,0,0
4/4/20 23:34,0.0,0.0,2,5,0,0
4/4/20 23:34,0.0,0.0,3,0,0,0
4/4/20 23:34,0.0,0.0,0,0,0,0
4/4/20 23:34,0.0,0.0,1,1,0,0
4/4/20 23:34,0.0,0.0,34,0,0,0
4/4/20 23:34,0.0,0.0,0,4,0,0
4/4/20 23:34,0.0,0.0,3935,14,0,0
4/4/20 23:34,0.0,0.0,2,0,0,0
4/4/20 23:34,0.0,0.0,0,1173,0,0
4/4/20 23:34,0.0,0.0,0,0,0,0
4/4/20 23:34,0.0,0.0,0,0,0,0
4/4/20 23:34,0.0,0.0,241,14,0,0
4/4/20 23:34,0.0,0.0,0,0,0,0
4/4/20 23:34,0.0,0.0,63,0,0,0
4/4/20 23:34,0.0,0.0,11,15,0,0
4/4/20 23:34,0.0,0.0,0,36,0,0
4/4/20 23:34,0.0,0.0,483,0,0,0
4/4/20 23:34,0.0,0.0,0,4,0,0
4/4/20 23:34,36.109,-82.437,1,0,0,0
4/4/20 23:34,33.169,-92.597,10,0,0,0
4/4/20 23:34,30.044,-82.375,2,0,0,0
4/4/20 23:34,34.83,-83.99,1,0,0,0
4/4/20 23:34,39.626,-84.925,2,0,0,0
4/4/20 23:34,37.662,-87.943,2,0,0,0
4/4/20 23:34,32.831,-92.375,19,0,0,0
4/4/20 23:34,34.492,-89.008,6,0,0,0
4/4/20 23:34,40.658,-74.307,2916,66,0,0
4/4/20 23:34,34.99,-80.53,67,0,0,0
4/4/20 23:34,40.3,-83.372,7,0,0,0
4/4/20 23:34,45.309,-118.007,3,0,0,0
4/4/20 23:34,40.962,-77.06,5,0,0,0
4/4/20 23:34,34.688,-81.617,9,0,0,0
4/4/20 23:34,42.831,-96.656,3,0,0,0
4/4/20 23:34,36.286,-83.837,1,0,0,0
4/4/20 23:34,32.737,-94.94,3,0,0,0
4/4/20 23:34,38.893,-80.237,1,0,0,0
4/4/20 23:34,32.879,-84.3,10,0,0,0
4/4/20 23:34,40.117,-111.666,186,0,0,0
4/4/20 23:34,29.357,-99.762,4,0,0,0
4/4/20 23:34,29.891,-101.153,5,0,0,0
4/4/20 23:34,34.717,-106.81,5,0,0,0
4/4/20 23:34,44.767,-115.568,3,0,0,0
4/4/20 23:34,35.581,-92.513,20,0,0,0
4/4/20 23:34,40.753,-91.95,6,0,0,0
4/4/20 23:34,42.252,-86.019,12,1,0,0
4/4/20 23:34,40.855,-84.591,2,0,0,0
4/4/20 23:34,32.565,-95.838,4,1,0,0
4/4/20 23:34,36.369,-78.407,10,0,0,0
4/4/20 23:34,38.027,-87.588,35,0,0,0
4/4/20 23:34,41.403,-79.758,3,0,0,0
4/4/20 23:34,34.445,-119.091,203,6,0,0
4/4/20 23:34,40.184,-87.734,5,0,0,0
4/4/20 23:34,29.835,-92.303,15,1,0,0
4/4/20 23:34,39.852,-87.462,2,0,0,0
4/4/20 23:34,31.109,-93.182,11,0,0,0
4/4/20 23:34,28.798,-96.968,32,0,0,0
4/4/20 23:34,39.429,-87.392,10,2,0,0
4/4/20 23:34,46.055,-89.517,3,0,0,0
4/4/20 23:34,36.733,-76.046,160,1,0,0
4/4/20 23:34,29.059,-81.183,134,2,0,0
4/4/20 23:34,40.847,-85.793,1,0,0,0
4/4/20 23:34,44.284,-92.231,6,0,0,0
4/4/20 23:34,35.96,-95.519,40,2,0,0
4/4/20 23:34,46.292,-123.425,1,0,0,0
4/4/20 23:34,35.789,-78.652,283,0,0,0
4/4/20 23:34,30.165,-84.399,5,0,0,0
4/4/20 23:34,44.486,-69.121,3,0,0,0
4/4/20 23:34,33.803,-87.3,47,0,0,0
4/4/20 23:34,34.734,-85.302,3,0,0,0
4/4/20 23:34,30.739,-95.574,8,0,0,0
4/4/20 23:34,46.23,-118.478,8,0,0,0
4/4/20 23:34,30.011,-95.99,8,0,0,0
4/4/20 23:34,45.579,-117.184,1,0,0,0
4/4/20 23:34,48.369,-97.726,1,0,0,0
4/4/20 23:34,31.15,-90.104,12,0,0,0
4/4/20 23:34,30.642,-86.169,21,0,0,0
4/4/20 23:34,33.78,-83.736,16,0,0,0
4/4/20 23:34,42.669,-88.542,15,0,0,0
4/4/20 23:34,41.031,-92.41,1,0,0,0
4/4/20 23:34,48.224,-101.544,14,0,0,0
4/4/20 23:34,31.054,-82.422,18,3,0,0
4/4/20 23:34,33.411,-82.678,4,0,0,0
4/4/20 23:34,40.347,-87.356,2,1,0,0
4/4/20 23:34,41.336,-93.56,9,0,0,0
4/4/20 23:34,36.999,-86.427,18,0,0,0
4/4/20 23:34,32.358,-90.834,3,0,0,0
4/4/20 23:34,38.765,-91.161,7,0,0,0
4/4/20 23:34,40.86,-74.996,182,6,0,0
4/4/20 23:34,43.562,-73.843,20,0,0,0
4/4/20 23:34,36.397,-78.107,1,0,0,0
4/4/20 23:34,39.426,-84.166,35,0,0,0
4/4/20 23:34,41.813,-79.27,1,0,0,0
4/4/20 23:34,35.673,-85.78,1,0,0,0
4/4/20 23:34,38.908,-78.203,4,0,0,0
4/4/20 23:34,38.089,-87.272,12,0,0,0
4/4/20 23:34,40.331,-111.169,70,0,0,0
4/4/20 23:34,45.163,-121.167,7,0,0,0
4/4/20 23:34,44.022,-93.587,3,0,0,0
4/4/20 23:34,43.905,-107.68,2,0,0,0
4/4/20 23:34,31.409,-88.207,5,1,0,0
4/4/20 23:34,35.977,-94.218,25,0,0,0
4/4/20 23:34,39.97,-103.203,1,0,0,0
4/4/20 23:34,30.614,-85.66,1,0,0,0
4/4/20 23:34,32.967,-82.794,5,0,0,0
4/4/20 23:34,44.453,-116.785,1,0,0,0
4/4/20 23:34,38.353,-89.41,1,0,0,0
4/4/20 23:34,38.602,-86.105,16,0,0,0
4/4/20 23:34,41.336,-91.717,47,2,0,0
4/4/20 23:34,37.756,-85.174,2,0,0,0
4/4/20 23:34,30.853,-90.039,75,2,0,0
4/4/20 23:34,45.016,-67.628,1,0,0,0
4/4/20 23:34,39.608,-77.82,29,0,0,0
4/4/20 23:34,45.039,-92.884,54,0,0,0
4/4/20 23:34,33.284,-90.942,31,0,0,0
4/4/20 23:34,41.528,-96.22,19,0,0,0
4/4/20 23:34,43.312,-73.43,16,0,0,0
4/4/20 23:34,35.838,-76.573,3,0,0,0
4/4/20 23:34,39.457,-81.491,6,0,0,0
4/4/20 23:34,36.714,-95.905,33,1,0,0
4/4/20 23:34,45.56,-123.096,228,4,0,0
4/4/20 23:34,40.192,-80.246,46,0,0,0
4/4/20 23:34,41.46,-71.614,34,0,0,0
4/4/20 23:34,36.295,-82.495,22,2,0,0
4/4/20 23:34,30.215,-96.409,17,1,0,0
4/4/20 23:34,37.28,-113.505,22,1,0,0
4/4/20 23:34,44.273,-72.616,21,0,0,0
4/4/20 23:34,36.723,-81.957,3,0,0,0
4/4/20 23:34,43.369,-88.23,52,1,0,0
4/4/20 23:34,37.322,-113.478,3,0,0,0
4/4/20 23:34,40.666,-119.663,245,4,0,0
4/4/20 23:34,42.253,-83.839,501,8,0,0
4/4/20 23:34,36.231,-81.7,8,0,0,0
4/4/20 23:34,43.978,-94.614,3,0,0,0
4/4/20 23:34,43.018,-88.304,141,4,0,0
4/4/20 23:34,44.471,-88.965,2,1,0,0
4/4/20 23:34,39.863,-85.01,6,0,0,0
4/4/20 23:34,36.803,-84.825,4,0,0,0
4/4/20 23:34,42.278,-83.379,6762,252,0,0
4/4/20 23:34,31.641,-88.696,2,0,0,0
4/4/20 23:34,43.155,-77.03,30,0,0,0
4/4/20 23:34,35.364,-78.0,12,0,0,0
4/4/20 23:34,40.829,-81.888,25,0,0,0
4/4/20 23:34,41.649,-75.3,28,0,0,0
4/4/20 23:34,35.239,-87.786,2,0,0,0
4/4/20 23:34,38.065,-78.903,2,0,0,0
4/4/20 23:34,36.299,-88.72,1,0,0,0
4/4/20 23:34,27.761,-99.332,83,6,0,0
4/4/20 23:34,41.271,-111.915,63,1,0,0
4/4/20 23:34,32.041,-84.547,1,0,0,0
4/4/20 23:34,42.429,-94.18,1,0,0,0
4/4/20 23:34,37.522,-87.68,3,0,0,0
4/4/20 23:34,32.708,-93.331,42,2,0,0
4/4/20 23:34,33.613,-89.284,11,1,0,0
4/4/20 23:34,37.281,-92.876,3,0,0,0
4/4/20 23:34,40.555,-104.393,379,16,0,0
4/4/20 23:34,40.729,-85.221,2,0,0,0
4/4/20 23:34,30.461,-91.31,40,4,0,0
4/4/20 23:34,30.879,-91.415,18,0,0,0
4/4/20 23:34,41.163,-73.757,13081,67,0,0
4/4/20 23:34,40.314,-79.466,135,0,0,0
4/4/20 23:34,38.11,-76.802,2,0,0,0
4/4/20 23:34,39.607,-80.64,2,0,0,0
4/4/20 23:34,44.339,-85.577,4,0,0,0
4/4/20 23:34,29.278,-96.223,9,0,0,0
4/4/20 23:34,48.822,-121.749,199,18,0,0
4/4/20 23:34,32.12,-82.726,1,0,0,0
4/4/20 23:34,35.257,-91.749,23,0,0,0
4/4/20 23:34,34.646,-83.749,3,0,0,0
4/4/20 23:34,40.749,-86.865,3,0,0,0
4/4/20 23:34,35.929,-85.456,2,0,0,0
4/4/20 23:34,39.442,-114.9,1,0,0,0
4/4/20 23:34,41.755,-89.916,15,1,0,0
4/4/20 23:34,34.81,-84.961,16,1,0,0
4/4/20 23:34,41.139,-85.508,5,0,0,0
4/4/20 23:34,46.9,-117.524,11,0,0,0
4/4/20 23:34,33.988,-98.704,46,0,0,0
4/4/20 23:34,38.373,-75.627,8,1,0,0
4/4/20 23:34,31.988,-87.309,11,0,0,0
4/4/20 23:34,31.975,-83.434,2,0,0,0
4/4/20 23:34,33.783,-82.743,3,0,0,0
4/4/20 23:34,36.208,-81.162,4,1,0,0
4/4/20 23:34,46.357,-96.468,2,0,0,0
4/4/20 23:34,32.803,-83.171,2,0,0,0
4/4/20 23:34,31.161,-91.31,25,3,0,0
4/4/20 23:34,41.446,-87.979,582,11,0,0
4/4/20 23:34,26.474,-97.615,5,0,0,0
4/4/20 23:34,48.345,-103.479,5,0,0,0
4/4/20 23:34,41.561,-84.584,1,0,0,0
4/4/20 23:34,33.622,-79.728,9,0,0,0
4/4/20 23:34,37.281,-76.709,10,1,0,0
4/4/20 23:34,37.73,-88.93,3,0,0,0
4/4/20 23:34,35.891,-86.893,239,3,0,0
4/4/20 23:34,30.647,-97.6,71,1,0,0
4/4/20 23:34,35.706,-77.918,28,1,0,0
4/4/20 23:34,36.155,-86.298,82,0,0,0
4/4/20 23:34,29.173,-98.087,6,0,0,0
4/4/20 23:34,39.171,-78.173,10,0,0,0
4/4/20 23:34,41.83,-71.982,31,1,0,0
4/4/20 23:34,42.987,-72.713,25,0,0,0
4/4/20 23:34,43.58,-72.586,21,1,0,0
4/4/20 23:34,31.944,-92.638,2,0,0,0
4/4/20 23:34,42.336,-89.161,36,1,0,0
4/4/20 23:34,44.069,-88.645,24,0,0,0
4/4/20 23:34,43.291,-91.844,4,0,0,0
4/4/20 23:34,43.988,-91.781,13,1,0,0
4/4/20 23:34,34.15,-87.373,3,0,0,0
4/4/20 23:34,33.087,-89.034,11,0,0,0
4/4/20 23:34,39.028,-81.375,1,0,0,0
4/4/20 23:34,33.216,-97.655,3,0,0,0
4/4/20 23:34,41.362,-83.623,23,0,0,0
4/4/20 23:34,32.787,-95.382,1,0,0,0
4/4/20 23:34,39.21,-81.516,7,0,0,0
4/4/20 23:34,44.455,-90.042,2,0,0,0
4/4/20 23:34,42.39,-96.046,8,0,0,0
4/4/20 23:34,40.786,-89.21,6,0,0,0
4/4/20 23:34,38.042,-84.742,8,0,0,0
4/4/20 23:34,35.189,-91.244,1,0,0,0
4/4/20 23:34,37.887,-95.74,3,0,0,0
4/4/20 23:34,36.423,-99.263,1,0,0,0
4/4/20 23:34,38.213,-75.332,7,0,0,0
4/4/20 23:34,42.35,-71.905,915,17,0,0
4/4/20 23:34,31.552,-83.851,35,1,0,0
4/4/20 23:34,42.733,-93.735,1,0,0,0
4/4/20 23:34,45.173,-93.962,8,0,0,0
4/4/20 23:34,37.27,-92.469,6,0,0,0
4/4/20 23:34,40.843,-83.307,5,0,0,0
4/4/20 23:34,39.117,-94.764,149,6,0,0
4/4/20 23:34,42.701,-78.222,18,1,0,0
4/4/20 23:34,41.52,-76.011,5,0,0,0
4/4/20 23:34,36.916,-81.078,2,0,0,0
4/4/20 23:34,36.162,-80.662,6,0,0,0
4/4/20 23:34,46.457,-120.738,289,16,0,0
4/4/20 23:34,34.028,-89.708,9,0,0,0
4/4/20 23:34,45.233,-123.309,23,3,0,0
4/4/20 23:34,43.009,-97.395,14,0,0,0
4/4/20 23:34,42.635,-77.104,1,0,0,0
4/4/20 23:34,34.599,-112.554,43,0,0,0
4/4/20 23:34,32.779,-90.397,19,1,0,0
4/4/20 23:34,44.717,-95.868,1,0,0,0
4/4/20 23:34,45.94,-108.269,38,0,0,0
4/4/20 23:34,38.683,-121.902,37,1,0,0
4/4/20 23:34,43.478,-70.711,95,1,0,0
4/4/20 23:34,40.873,-97.597,1,0,0,0
4/4/20 23:34,39.921,-76.73,144,1,0,0
4/4/20 23:34,34.973,-81.181,81,2,0,0
4/4/20 23:34,37.244,-76.544,19,1,0,0
4/4/20 23:34,33.177,-98.688,3,0,0,0
4/4/20 23:34,39.263,-121.354,9,0,0,0
4/4/20 23:34,65.508,-151.391,1,0,0,0
4/4/20 23:34,32.769,-113.907,14,0,0,0
4/4/20 23:34,40.003,-102.426,2,0,0,0
4/4/20 23:40,53.933,-116.576,1075,18,0,0
4/4/20 23:34,18.221,-63.069,3,0,0,3
3/8/20 5:19,31.826,117.226,990,6,984,0
4/4/20 23:34,12.521,-69.968,64,0,1,63
4/4/20 23:41,-35.474,149.012,93,2,18,73
4/4/20 0:45,40.182,116.414,585,8,438,139
4/4/20 23:34,32.308,-64.751,35,0,14,21
4/4/20 23:34,12.178,-68.239,2,0,0,2
4/4/20 23:40,53.727,-127.648,1203,38,0,0
4/4/20 23:34,18.421,-64.64,3,0,0,3
4/4/20 23:34,19.313,-81.255,35,1,1,33
4/4/20 23:34,49.372,-2.364,262,5,13,244
4/4/20 23:34,12.17,-68.99,11,1,5,5
4/4/20 23:40,0.0,0.0,0,1,0,0
4/4/20 23:34,0.0,0.0,49,0,0,0
4/4/20 23:34,-51.796,-59.524,1,0,0,1
4/4/20 23:34,61.893,-6.912,181,0,93,88
4/4/20 23:34,4.0,-53.0,61,0,22,39
4/4/20 23:34,-17.68,-149.407,40,0,0,40
4/4/20 1:07,26.079,117.987,350,1,301,48
4/4/20 2:25,37.81,101.058,138,2,131,5
4/4/20 23:34,36.141,-5.354,98,0,52,46
4/4/20 23:40,0.0,0.0,13,0,0,0
4/4/20 23:34,0.0,0.0,103,3,0,0
4/4/20 23:34,71.707,-42.604,11,0,3,8
4/4/20 23:34,16.265,-61.551,134,7,24,103
4/4/20 23:34,13.444,144.794,93,4,0,0
4/4/20 1:23,23.342,113.424,1516,8,1378,130
4/2/20 0:16,23.83,108.788,254,2,252,0
4/3/20 1:13,39.549,116.131,326,6,310,10
4/4/20 0:28,47.862,127.761,491,13,469,9
4/4/20 9:38,22.3,114.2,862,4,173,685
4/4/20 1:13,30.976,112.271,67803,3207,63762,834
4/2/20 1:30,27.61,111.709,1019,4,1014,1
4/1/20 23:56,44.093,113.945,117,1,74,42
4/4/20 23:34,54.236,-4.548,126,1,0,125
4/3/20 3:12,32.971,119.455,651,0,632,19
4/4/20 0:38,41.296,122.609,141,2,125,14
4/3/20 17:47,22.167,113.55,43,0,10,33
4/4/20 23:40,53.761,-98.814,182,2,0,0
4/4/20 23:34,14.642,-61.024,145,3,27,115
4/4/20 23:34,-12.828,45.166,134,2,14,118
4/4/20 23:34,16.742,-62.187,6,0,0,6
4/4/20 23:40,46.565,-66.462,91,0,0,0
4/4/20 23:34,-20.904,165.618,17,0,1,16
4/4/20 23:41,-33.869,151.209,2493,12,4,2477
4/4/20 23:40,53.136,-57.66,195,1,0,0
4/4/20 23:34,15.098,145.674,8,1,0,0
4/4/20 23:41,-12.463,130.846,26,0,1,25
4/4/20 23:40,64.826,-124.846,4,0,0,0
4/4/20 23:40,44.682,-63.744,236,0,0,0
4/4/20 23:40,70.3,-83.108,0,0,0,0
4/4/20 23:40,51.254,-85.323,3630,94,0,0
4/4/20 23:40,46.511,-63.417,22,0,0,0
4/4/20 23:34,18.221,-66.59,452,18,0,0
4/4/20 23:40,52.94,-73.549,6101,61,0,0
4/4/20 23:41,-27.47,153.025,900,4,8,888
4/4/20 23:40,0.0,0.0,0,0,2577,0
4/4/20 23:34,0.0,0.0,0,0,14652,0
4/4/20 23:34,-21.115,55.536,334,0,40,294
4/4/20 23:34,17.9,-62.833,6,0,1,5
4/4/20 23:40,52.94,-106.451,220,3,0,0
4/4/20 1:50,35.192,108.87,256,3,245,8
4/4/20 0:34,36.343,118.15,778,7,755,16
4/4/20 8:37,31.202,121.449,529,6,356,167
4/4/20 1:07,30.617,102.71,557,3,538,16
4/4/20 23:34,18.043,-63.055,23,4,6,13
4/4/20 23:41,-34.928,138.601,407,0,46,361
4/4/20 23:34,18.071,-63.05,24,2,5,17
4/4/20 23:41,-42.882,147.327,80,2,5,73
4/4/20 14:03,39.305,117.323,180,3,144,33
4/4/20 23:34,21.694,-71.798,5,0,0,5
4/4/20 23:41,-37.814,144.963,1115,8,527,580
4/4/20 23:34,18.336,-64.896,40,0,0,0
4/4/20 23:41,-31.951,115.861,436,2,92,342
3/8/20 5:31,41.113,85.24,76,3,73,0
4/4/20 23:40,64.282,-135.0,6,0,0,0
4/2/20 23:33,24.974,101.487,184,2,172,10
4/4/20 1:23,29.183,120.093,1262,1,1229,32
4/4/20 23:34,33.939,67.71,300,10,10,282
4/4/20 23:34,41.153,20.168,333,20,99,214
4/4/20 23:34,28.034,1.66,1251,130,90,1031
4/4/20 23:34,42.506,1.522,466,17,21,428
4/4/20 23:34,-11.203,17.874,10,2,2,6
4/4/20 23:34,17.061,-61.796,15,0,0,15
4/4/20 23:34,-38.416,-63.617,1451,43,279,1129
4/4/20 23:34,40.069,45.038,770,7,43,720
4/4/20 23:34,47.516,14.55,11781,186,2507,9088
4/4/20 23:34,40.143,47.577,521,5,32,484
4/4/20 23:34,25.026,-78.036,28,4,0,24
4/4/20 23:34,26.027,50.55,688,4,423,261
4/4/20 23:34,23.685,90.356,70,8,30,32
4/4/20 23:34,13.194,-59.543,52,0,0,52
4/4/20 23:34,53.71,27.953,440,5,53,382
4/4/20 23:34,50.833,4.47,18431,1283,3247,13901
4/4/20 23:34,17.19,-88.498,4,0,0,4
4/4/20 23:34,9.308,2.316,16,0,2,14
4/4/20 23:34,27.514,90.434,5,0,2,3
4/4/20 23:34,-16.29,-63.589,139,10,1,128
4/4/20 23:34,43.916,17.679,624,21,30,573
4/4/20 23:34,-22.328,24.685,4,1,0,3
4/4/20 23:34,-14.235,-51.925,10360,445,127,9788
4/4/20 23:34,4.535,114.728,135,1,66,68
4/4/20 23:34,42.734,25.486,503,17,34,452
4/4/20 23:34,12.238,-1.562,318,16,66,236
4/4/20 23:34,21.916,95.956,21,1,0,20
4/4/20 23:34,-3.373,29.919,3,0,0,3
4/4/20 23:34,16.539,-23.042,7,1,0,6
4/4/20 23:34,11.55,104.917,114,0,50,64
4/4/20 23:34,3.848,11.502,555,9,17,529
4/4/20 23:34,6.611,20.939,8,0,0,8
4/4/20 23:34,15.454,18.732,9,0,0,9
4/4/20 23:34,-35.675,-71.543,4161,27,528,3606
4/4/20 23:34,4.571,-74.297,1406,32,85,1289
4/4/20 23:34,-4.263,15.283,22,2,2,18
4/4/20 23:34,-4.322,15.307,154,18,3,133
4/4/20 23:34,9.749,-83.753,435,2,13,420
4/4/20 23:34,7.54,-5.547,245,1,25,219
4/4/20 23:34,45.1,15.2,1126,12,119,995
4/4/20 23:34,21.522,-77.781,288,6,15,267
4/4/20 23:34,35.126,33.43,426,11,33,382
4/4/20 23:34,49.818,15.473,4472,59,78,4335
4/4/20 23:34,56.264,9.502,4077,161,1283,2633
4/4/20 23:34,0.0,0.0,712,11,619,82
4/4/20 23:34,11.825,42.59,50,0,8,42
4/4/20 23:34,15.415,-61.371,14,0,0,14
4/4/20 23:34,18.736,-70.163,1488,68,16,1404
4/4/20 23:34,-1.831,-78.183,3465,172,100,3193
4/4/20 23:34,26.821,30.802,1070,71,241,758
4/4/20 23:34,13.794,-88.897,56,3,2,51
4/4/20 23:34,1.651,10.268,16,0,1,15
4/4/20 23:34,15.179,39.782,29,0,0,29
4/4/20 23:34,58.595,25.014,1039,13,59,967
4/4/20 23:34,-26.523,31.466,9,0,0,9
4/4/20 23:34,9.145,40.49,38,0,4,34
4/4/20 23:34,-17.713,178.065,12,0,0,12
4/4/20 23:34,61.924,25.748,1882,25,300,1557
4/4/20 23:34,46.228,2.214,67831,7548,15438,66955
4/4/20 23:34,-0.804,11.609,21,1,1,19
4/4/20 23:34,13.443,-15.31,4,1,2,1
4/4/20 23:34,42.315,43.357,162,1,36,125
4/4/20 23:34,51.166,10.452,96092,1444,26400,68248
4/4/20 23:34,7.947,-1.023,205,5,31,169
4/4/20 23:34,39.074,21.824,1673,68,78,1527
4/4/20 23:34,12.117,-61.679,12,0,0,12
4/4/20 23:34,15.784,-90.231,61,2,15,44
4/4/20 23:34,9.946,-9.697,111,0,5,106
4/4/20 23:34,11.804,-15.18,18,0,0,18
4/4/20 23:34,4.86,-58.93,23,4,0,19
4/4/20 23:34,18.971,-72.285,20,0,1,19
4/4/20 23:34,41.903,12.453,7,0,0,7
4/4/20 23:34,15.2,-86.242,264,15,3,246
4/4/20 23:34,47.163,19.503,678,32,58,588
4/4/20 23:34,64.963,-19.021,1417,4,396,1017
4/4/20 23:34,20.594,78.963,3082,86,229,2767
4/4/20 23:34,-0.789,113.921,2092,191,150,1751
4/4/20 23:34,32.428,53.688,55743,3452,19736,32555
4/4/20 23:34,33.223,43.679,878,56,259,563
4/4/20 23:34,53.142,-7.692,4604,137,25,4442
4/4/20 23:34,31.046,34.852,8157,49,717,7380
4/4/20 23:34,41.872,12.567,124632,15362,20996,88274
4/4/20 23:34,18.11,-77.297,53,3,7,43
4/4/20 23:34,36.205,138.253,3139,77,514,2548
4/4/20 23:34,31.24,36.51,323,5,74,244
4/4/20 23:34,48.02,66.924,531,5,36,490
4/4/20 23:34,-0.024,37.906,126,4,4,118
4/4/20 23:34,35.908,127.767,10156,177,6325,3654
4/4/20 23:34,42.603,20.903,135,1,16,118
4/4/20 23:34,29.312,47.482,479,1,93,385
4/4/20 23:34,41.204,74.766,144,1,9,134
4/4/20 23:34,19.856,102.495,10,0,0,10
4/4/20 23:34,56.88,24.603,509,1,1,507
4/4/20 23:34,33.855,35.862,520,17,54,449
4/4/20 23:34,6.428,-9.429,10,1,3,6
4/4/20 23:34,26.335,17.228,18,1,0,17
4/4/20 23:34,47.14,9.55,77,1,0,76
4/4/20 23:34,55.169,23.881,771,11,7,753
4/4/20 23:34,49.815,6.13,2729,31,500,2198
4/4/20 23:34,0.0,0.0,9,2,0,7
4/4/20 23:34,-18.767,46.869,70,0,0,70
4/4/20 23:34,-13.254,34.302,4,0,0,4
4/4/20 23:34,4.21,101.976,3483,57,915,2511
4/4/20 23:34,3.203,73.221,19,0,13,6
4/4/20 23:34,17.571,-3.996,41,3,1,37
4/4/20 23:34,35.938,14.375,213,0,2,211
4/4/20 23:34,21.008,-10.941,6,1,2,3
4/4/20 23:34,-20.348,57.552,196,7,7,182
4/4/20 23:34,23.634,-102.553,1688,60,633,995
4/4/20 23:34,47.412,28.37,752,12,29,711
4/4/20 23:34,43.733,7.417,66,1,3,62
4/4/20 23:34,46.862,103.847,14,0,2,12
4/4/20 23:34,42.709,19.374,201,2,1,198
4/4/20 23:34,31.792,-7.093,919,59,66,794
4/4/20 23:34,-18.666,35.53,10,0,1,9
4/4/20 23:34,-22.958,18.49,14,0,3,11
4/4/20 23:34,28.167,84.25,9,0,1,8
4/4/20 23:34,52.133,5.291,16627,1651,250,14726
4/4/20 23:34,-40.901,174.886,950,1,127,822
4/4/20 23:34,12.865,-85.207,5,1,0,4
4/4/20 23:34,17.608,8.082,144,8,0,136
4/4/20 23:34,9.082,8.675,214,4,25,185
4/4/20 23:34,41.609,21.745,483,17,20,446
4/4/20 23:34,60.472,8.469,5550,62,32,5456
4/4/20 23:34,21.513,55.923,277,2,61,214
4/4/20 23:34,30.375,69.345,2818,41,131,2646
4/4/20 23:34,8.538,-80.782,1673,41,13,1619
4/4/20 23:34,-6.315,143.956,1,0,0,1
4/4/20 23:34,-23.442,-58.444,96,3,12,81
4/4/20 23:34,-9.19,-75.015,1746,73,914,759
4/4/20 23:34,12.88,121.774,3094,144,57,2893
4/4/20 23:34,51.919,19.145,3627,79,116,3432
4/4/20 23:34,39.4,-8.225,10524,266,75,10183
4/4/20 23:34,25.355,51.184,1325,3,109,1213
4/4/20 23:34,45.943,24.967,3613,146,329,3138
4/4/20 23:34,61.524,105.319,4731,43,333,4355
4/4/20 23:34,-1.94,29.874,102,0,0,102
4/4/20 23:34,17.358,-62.783,9,0,0,9
4/4/20 23:34,13.909,-60.979,14,0,1,13
4/4/20 23:34,12.984,-61.287,7,0,1,6
4/4/20 23:40,-13.759,-172.105,0,0,0,0
4/4/20 23:34,43.942,12.458,259,32,27,200
4/4/20 23:34,23.886,45.079,2179,29,420,1730
4/4/20 23:34,14.497,-14.452,219,2,72,145
4/4/20 23:34,44.017,21.006,1624,44,0,1580
4/4/20 23:34,-4.68,55.492,10,0,0,10
4/4/20 23:34,8.461,-11.78,4,0,0,4
4/4/20 23:34,1.283,103.833,1189,6,297,886
4/4/20 23:34,48.669,19.699,471,1,10,460
4/4/20 23:34,46.151,14.995,977,22,79,876
4/4/20 23:34,5.152,46.2,7,0,1,6
4/4/20 23:34,-30.559,22.938,1585,9,95,1481
4/4/20 23:34,40.464,-3.749,126168,11947,34219,80002
4/4/20 23:34,7.873,80.772,166,5,27,134
4/4/20 23:34,12.863,30.218,10,2,2,6
4/4/20 23:34,3.919,-56.028,10,1,0,9
4/4/20 23:34,60.128,18.644,6443,373,205,5865
4/4/20 23:34,46.818,8.227,20505,666,6415,13424
4/4/20 23:34,34.802,38.997,16,2,2,12
4/4/20 11:36,23.7,121.0,355,5,50,300
4/4/20 23:34,-6.369,34.889,20,1,3,16
4/4/20 23:34,15.87,100.993,2067,20,674,1373
4/4/20 23:34,-8.874,125.728,1,0,0,1
4/4/20 23:34,8.62,0.825,41,3,17,21
4/4/20 23:34,10.692,-61.222,103,6,1,96
4/4/20 23:34,33.887,9.537,553,18,5,530
4/4/20 23:34,38.964,35.243,23934,501,786,22647
4/4/20 23:34,1.373,32.29,48,0,0,48
4/4/20 23:34,48.379,31.166,1225,32,25,1168
4/4/20 23:34,23.424,53.848,1505,10,125,1370
4/4/20 23:34,55.378,-3.436,41903,4313,135,37455
4/4/20 23:34,-32.523,-55.766,400,5,93,302
4/4/20 23:34,41.377,64.585,266,2,25,239
4/4/20 23:34,6.424,-66.59,155,7,52,96
4/4/20 23:34,14.058,108.277,240,0,90,150
4/4/20 23:34,31.952,35.233,217,1,21,195
4/4/20 23:34,-13.134,27.849,39,1,2,36
4/4/20 23:34,-19.015,29.155,9,1,0,8
4/4/20 23:34,0.0,0.0,0,0,0,0
